"T1e" "T2e" "T3e" "T4e" "T5e" "T6e" "T1V" "T2V" "T3V" "T4V" "T5V" "T6V"
"1" 1100 1075 1015 895 895 895 125 225 575 0 0 0
"2" 895 895 895 895 895 895 0 0 0 0 0 0
"3" 1060 985 900 895 895 895 1275 1425 1750 0 0 0
"4" 1040 895 895 895 895 895 275 0 0 0 0 0
"5" 965 940 895 895 895 895 25 325 0 0 0 0
"6" 1040 895 895 895 895 895 225 0 0 0 0 0
"7" 1100 1025 905 895 895 895 1550 1725 2400 0 0 0
"8" 1060 895 895 895 895 895 725 0 0 0 0 0
"9" 1075 895 895 895 895 895 675 0 0 0 0 0
"10" 1030 895 895 895 895 895 375 0 0 0 0 0
"11" 1035 895 895 895 895 895 975 0 0 0 0 0
"12" 1100 1020 895 895 895 895 125 150 0 0 0 0
"13" 995 895 895 895 895 895 575 0 0 0 0 0
"14" 1060 895 895 895 895 895 375 0 0 0 0 0
"15" 935 895 895 895 895 895 425 0 0 0 0 0
"16" 1035 975 915 905 895 895 975 1050 1325 1475 0 0
"17" 1040 895 895 895 895 895 475 0 0 0 0 0
"18" 1080 910 905 900 895 895 925 1000 1025 1775 0 0
"19" 1045 895 895 895 895 895 525 0 0 0 0 0
"20" 1020 910 905 895 895 895 2000 2200 2325 0 0 0
"21" 1070 895 895 895 895 895 625 0 0 0 0 0
"22" 1040 900 895 895 895 895 875 1050 0 0 0 0
"23" 1030 895 895 895 895 895 500 0 0 0 0 0
"24" 1085 895 895 895 895 895 525 0 0 0 0 0
"25" 1100 895 895 895 895 895 525 0 0 0 0 0
"26" 1080 935 910 905 895 895 1100 1175 1350 1725 0 0
"27" 1010 895 895 895 895 895 675 0 0 0 0 0
"28" 990 895 895 895 895 895 300 0 0 0 0 0
"29" 1065 895 895 895 895 895 375 0 0 0 0 0
"30" 1040 895 895 895 895 895 175 0 0 0 0 0
"31" 1065 905 900 895 895 895 850 925 1850 0 0 0
"32" 1030 895 895 895 895 895 425 0 0 0 0 0
"33" 990 900 895 895 895 895 1025 1175 0 0 0 0
"34" 1030 980 910 900 895 895 1050 1425 1550 1650 0 0
"35" 1090 895 895 895 895 895 475 0 0 0 0 0
"36" 1085 905 895 895 895 895 1175 2150 0 0 0 0
"37" 1085 895 895 895 895 895 275 0 0 0 0 0
"38" 990 895 895 895 895 895 425 0 0 0 0 0
"39" 1090 900 895 895 895 895 2025 2050 0 0 0 0
"40" 1100 1015 925 895 895 895 1925 2050 2275 0 0 0
"41" 1080 1075 1015 905 895 895 1125 1725 1750 2400 0 0
"42" 1025 895 895 895 895 895 300 0 0 0 0 0
"43" 1055 900 895 895 895 895 625 650 0 0 0 0
"44" 1025 995 915 905 900 895 1825 1850 2175 2250 2350 0
"45" 1060 965 905 900 895 895 1225 1375 1450 1775 0 0
"46" 1080 895 895 895 895 895 675 0 0 0 0 0
"47" 1025 895 895 895 895 895 650 0 0 0 0 0
"48" 1025 945 940 920 910 895 1375 1400 1550 1875 2350 0
"49" 1085 940 920 910 895 895 1075 1175 1575 2000 0 0
"50" 1080 945 920 905 895 895 1025 1150 1500 1950 0 0
"51" 1015 910 900 895 895 895 2000 2200 2325 0 0 0
"52" 1090 905 895 895 895 895 1050 1525 0 0 0 0
"53" 1020 985 910 905 900 895 1425 1450 1650 1750 1875 0
"54" 1060 965 960 895 895 895 1125 2075 2100 0 0 0
"55" 1030 950 905 900 895 895 1300 1350 1425 1700 0 0
"56" 1055 980 910 900 895 895 1200 1350 1375 1950 0 0
"57" 1035 980 915 905 900 895 1000 1075 1325 1475 1525 0
"58" 1020 895 895 895 895 895 300 0 0 0 0 0
"59" 1070 895 895 895 895 895 525 0 0 0 0 0
"60" 1020 910 905 895 895 895 2100 2300 2325 0 0 0
"61" 1060 970 905 900 895 895 1325 1400 1525 1825 0 0
"62" 1005 895 895 895 895 895 300 0 0 0 0 0
"63" 1065 1040 1000 900 895 895 500 1675 1800 2400 0 0
"64" 1080 990 945 930 915 895 1175 1200 1300 1350 1400 0
"65" 985 910 905 895 895 895 1575 1725 1825 0 0 0
"66" 980 895 895 895 895 895 650 0 0 0 0 0
"67" 1015 895 895 895 895 895 25 0 0 0 0 0
"68" 1070 990 910 900 895 895 1075 1125 1175 1825 0 0
"69" 1025 905 895 895 895 895 900 925 0 0 0 0
"70" 1085 900 895 895 895 895 1025 1525 0 0 0 0
"71" 1035 975 915 905 895 895 975 1050 1325 1475 0 0
"72" 1055 895 895 895 895 895 125 0 0 0 0 0
"73" 1025 900 895 895 895 895 575 600 0 0 0 0
"74" 1040 900 895 895 895 895 675 725 0 0 0 0
"75" 1010 900 895 895 895 895 750 775 0 0 0 0
"76" 1075 965 940 925 895 895 1325 1475 1525 1600 0 0
"77" 990 895 895 895 895 895 675 0 0 0 0 0
"78" 975 895 895 895 895 895 2025 0 0 0 0 0
"79" 1100 915 905 895 895 895 975 1175 1375 0 0 0
"80" 1050 965 905 900 895 895 1325 1400 1525 1825 0 0
"81" 1080 995 910 905 900 895 875 900 950 975 1775 0
"82" 1070 970 915 910 905 895 1125 1225 1350 1400 1550 0
"83" 1005 895 895 895 895 895 425 0 0 0 0 0
"84" 1050 935 915 905 895 895 1025 1150 1500 1950 0 0
"85" 1095 1090 1070 930 925 895 375 625 950 1000 1300 0
"86" 1000 975 900 895 895 895 700 775 800 0 0 0
"87" 1090 1020 905 895 895 895 1675 1750 2300 0 0 0
"88" 1005 895 895 895 895 895 750 0 0 0 0 0
"89" 1025 905 900 895 895 895 1400 1450 1750 0 0 0
"90" 1075 895 895 895 895 895 625 0 0 0 0 0
"91" 1010 895 895 895 895 895 375 0 0 0 0 0
"92" 1010 895 895 895 895 895 1550 0 0 0 0 0
"93" 1090 1030 895 895 895 895 875 900 0 0 0 0
"94" 1100 895 895 895 895 895 475 0 0 0 0 0
"95" 1010 1000 915 905 895 895 1000 1100 1150 1500 0 0
"96" 1025 895 895 895 895 895 425 0 0 0 0 0
"97" 1095 1025 900 895 895 895 1700 1775 2325 0 0 0
"98" 1075 990 920 910 905 895 1275 1300 1475 1525 1625 0
"99" 1060 920 895 895 895 895 975 1050 0 0 0 0
"100" 1015 915 905 900 895 895 1800 1900 2175 2275 0 0
"101" 1065 905 900 895 895 895 1275 1400 1925 0 0 0
"102" 1095 900 895 895 895 895 950 1675 0 0 0 0
"103" 1090 895 895 895 895 895 1575 0 0 0 0 0
"104" 1045 920 895 895 895 895 1000 1025 0 0 0 0
"105" 1035 1020 920 905 895 895 1025 1100 1250 1550 0 0
"106" 1070 980 900 895 895 895 1275 1325 1400 0 0 0
"107" 1030 895 895 895 895 895 825 0 0 0 0 0
"108" 1010 895 895 895 895 895 1100 0 0 0 0 0
"109" 1030 935 895 895 895 895 1525 1575 0 0 0 0
"110" 1005 895 895 895 895 895 775 0 0 0 0 0
"111" 1075 955 930 910 895 895 1475 1525 1550 1575 0 0
"112" 1030 895 895 895 895 895 575 0 0 0 0 0
"113" 1055 895 895 895 895 895 475 0 0 0 0 0
"114" 1000 895 895 895 895 895 475 0 0 0 0 0
"115" 1010 925 895 895 895 895 1050 1075 0 0 0 0
"116" 1010 895 895 895 895 895 800 0 0 0 0 0
"117" 1090 895 895 895 895 895 375 0 0 0 0 0
"118" 1060 895 895 895 895 895 775 0 0 0 0 0
"119" 1000 950 900 895 895 895 1125 1250 1325 0 0 0
"120" 1030 905 895 895 895 895 800 825 0 0 0 0
"121" 1025 900 895 895 895 895 900 1400 0 0 0 0
"122" 1030 895 895 895 895 895 1000 0 0 0 0 0
"123" 1010 895 895 895 895 895 1750 0 0 0 0 0
"124" 1030 900 895 895 895 895 1875 1925 0 0 0 0
"125" 1060 895 895 895 895 895 675 0 0 0 0 0
"126" 1100 910 895 895 895 895 2125 2300 0 0 0 0
"127" 1085 1000 930 920 895 895 1100 1200 1250 1825 0 0
"128" 1090 1005 915 910 905 900 900 925 1025 1050 1175 1800
"129" 1025 895 895 895 895 895 850 0 0 0 0 0
"130" 1015 970 895 895 895 895 1000 1075 0 0 0 0
"131" 1085 895 895 895 895 895 175 0 0 0 0 0
"132" 1020 900 895 895 895 895 1025 1100 0 0 0 0
"133" 1045 895 895 895 895 895 425 0 0 0 0 0
"134" 1035 1020 990 930 900 895 1025 1100 1250 1550 1750 0
"135" 1025 995 975 970 935 905 1825 1850 1900 2175 2250 2350
"136" 1065 905 900 895 895 895 1325 1450 1925 0 0 0
"137" 1080 905 895 895 895 895 975 1000 0 0 0 0
"138" 1070 990 910 900 895 895 875 900 950 1825 0 0
"139" 990 895 895 895 895 895 500 0 0 0 0 0
"140" 995 950 895 895 895 895 600 675 0 0 0 0
"141" 1025 945 940 910 895 895 1150 1250 1300 1575 0 0
"142" 1100 895 895 895 895 895 575 0 0 0 0 0
"143" 1025 895 895 895 895 895 700 0 0 0 0 0
"144" 990 910 895 895 895 895 1475 1550 0 0 0 0
"145" 1060 930 895 895 895 895 1025 1125 0 0 0 0
"146" 1080 895 895 895 895 895 575 0 0 0 0 0
"147" 1020 910 905 900 895 895 1550 2200 2325 2400 0 0
"148" 1020 895 895 895 895 895 900 0 0 0 0 0
"149" 1025 895 895 895 895 895 250 0 0 0 0 0
"150" 1090 910 895 895 895 895 825 1575 0 0 0 0
"151" 1075 895 895 895 895 895 225 0 0 0 0 0
"152" 1065 905 900 895 895 895 925 1450 1925 0 0 0
"153" 1015 895 895 895 895 895 900 0 0 0 0 0
"154" 1035 945 905 900 895 895 1075 1200 1325 1475 0 0
"155" 1015 915 905 900 895 895 1600 1675 1900 2275 0 0
"156" 1025 895 895 895 895 895 800 0 0 0 0 0
"157" 1005 895 895 895 895 895 475 0 0 0 0 0
"158" 970 935 895 895 895 895 1275 1425 0 0 0 0
"159" 1060 895 895 895 895 895 225 0 0 0 0 0
"160" 1070 895 895 895 895 895 825 0 0 0 0 0
"161" 1080 895 895 895 895 895 125 0 0 0 0 0
"162" 1085 1025 935 925 895 895 875 950 1000 1450 0 0
"163" 1030 895 895 895 895 895 1125 0 0 0 0 0
"164" 1010 895 895 895 895 895 225 0 0 0 0 0
"165" 1030 905 895 895 895 895 900 950 0 0 0 0
"166" 905 900 895 895 895 895 125 1650 0 0 0 0
"167" 1085 905 895 895 895 895 1250 2150 0 0 0 0
"168" 1010 905 895 895 895 895 1350 1375 0 0 0 0
"169" 975 940 930 895 895 895 2300 2325 2400 0 0 0
"170" 1065 965 935 910 895 895 1225 1250 1400 1500 0 0
"171" 1020 930 910 900 895 895 1525 1650 1825 1875 0 0
"172" 985 895 895 895 895 895 775 0 0 0 0 0
"173" 1080 895 895 895 895 895 525 0 0 0 0 0
"174" 1085 955 915 910 895 895 875 950 1000 1450 0 0
"175" 990 910 895 895 895 895 1225 1250 0 0 0 0
"176" 1055 925 920 895 895 895 1575 2125 2400 0 0 0
"177" 1025 955 925 900 895 895 1550 1600 1750 1775 0 0
"178" 1005 895 895 895 895 895 75 0 0 0 0 0
"179" 1040 895 895 895 895 895 775 0 0 0 0 0
"180" 1065 895 895 895 895 895 675 0 0 0 0 0
"181" 1055 900 895 895 895 895 900 1000 0 0 0 0
"182" 1080 925 895 895 895 895 2000 2375 0 0 0 0
"183" 1065 895 895 895 895 895 725 0 0 0 0 0
"184" 1080 955 895 895 895 895 1200 1225 0 0 0 0
"185" 1010 895 895 895 895 895 475 0 0 0 0 0
"186" 1060 905 895 895 895 895 900 1100 0 0 0 0
"187" 1085 955 940 895 895 895 1225 1325 1375 0 0 0
"188" 1075 930 920 910 895 895 1200 1325 1350 1500 0 0
"189" 1065 970 925 905 895 895 1425 1450 1525 1775 0 0
"190" 1025 900 895 895 895 895 475 500 0 0 0 0
"191" 995 970 895 895 895 895 1825 1975 0 0 0 0
"192" 990 895 895 895 895 895 750 0 0 0 0 0
"193" 1020 895 895 895 895 895 650 0 0 0 0 0
"194" 1075 970 895 895 895 895 325 350 0 0 0 0
"195" 1090 895 895 895 895 895 225 0 0 0 0 0
"196" 1055 900 895 895 895 895 875 1000 0 0 0 0
"197" 1025 895 895 895 895 895 925 0 0 0 0 0
"198" 1010 990 900 895 895 895 2025 2050 2200 0 0 0
"199" 1100 920 905 895 895 895 1075 1200 2225 0 0 0
"200" 1005 895 895 895 895 895 575 0 0 0 0 0
"201" 1005 895 895 895 895 895 625 0 0 0 0 0
"202" 910 900 895 895 895 895 25 225 0 0 0 0
"203" 1045 895 895 895 895 895 775 0 0 0 0 0
"204" 1030 995 930 895 895 895 1550 1725 2400 0 0 0
"205" 1075 980 900 895 895 895 1375 1400 1425 0 0 0
"206" 985 895 895 895 895 895 1225 0 0 0 0 0
"207" 1075 995 925 915 895 895 975 1025 1100 1700 0 0
"208" 1010 895 895 895 895 895 850 0 0 0 0 0
"209" 1035 900 895 895 895 895 1425 1525 0 0 0 0
"210" 1075 895 895 895 895 895 575 0 0 0 0 0
"211" 1080 895 895 895 895 895 725 0 0 0 0 0
"212" 1055 935 905 900 895 895 1025 1175 1200 1550 0 0
"213" 1065 905 895 895 895 895 875 950 0 0 0 0
"214" 1050 910 895 895 895 895 925 1100 0 0 0 0
"215" 990 975 915 895 895 895 1050 1225 1250 0 0 0
"216" 1040 895 895 895 895 895 925 0 0 0 0 0
"217" 1010 970 915 910 905 900 1575 1700 1800 2075 2100 2275
"218" 1030 915 905 895 895 895 1425 1475 1725 0 0 0
"219" 1055 900 895 895 895 895 1525 1850 0 0 0 0
"220" 1040 915 900 895 895 895 1250 1400 1725 0 0 0
"221" 1035 970 965 925 900 895 1550 1625 1950 2050 2400 0
"222" 1045 975 940 915 905 900 875 1000 1025 1400 1525 1550
"223" 1075 895 895 895 895 895 325 0 0 0 0 0
"224" 1070 980 960 950 930 915 1175 1225 1275 1450 1525 1675
"225" 1060 900 895 895 895 895 1925 2400 0 0 0 0
"226" 930 895 895 895 895 895 1125 0 0 0 0 0
"227" 1010 895 895 895 895 895 275 0 0 0 0 0
"228" 1085 930 915 905 900 895 1375 1425 1700 1725 1825 0
"229" 1000 895 895 895 895 895 775 0 0 0 0 0
"230" 1010 895 895 895 895 895 550 0 0 0 0 0
"231" 1090 940 920 915 895 895 1200 1250 1325 2400 0 0
"232" 1000 950 905 895 895 895 850 950 975 0 0 0
"233" 1095 1085 1075 930 925 895 375 700 1050 1100 1375 0
"234" 1005 895 895 895 895 895 850 0 0 0 0 0
"235" 1040 1005 895 895 895 895 1200 1275 0 0 0 0
"236" 1075 975 900 895 895 895 1750 1975 2125 0 0 0
"237" 1090 905 895 895 895 895 1250 1650 0 0 0 0
"238" 1020 895 895 895 895 895 250 0 0 0 0 0
"239" 1030 1025 940 895 895 895 775 1575 1625 0 0 0
"240" 1085 900 895 895 895 895 425 450 0 0 0 0
"241" 1065 920 910 900 895 895 1475 1550 1625 2300 0 0
"242" 1095 895 895 895 895 895 1600 0 0 0 0 0
"243" 980 960 910 895 895 895 1450 1625 1700 0 0 0
"244" 1005 975 920 915 905 900 1400 1475 1650 1675 2000 2300
"245" 1035 905 895 895 895 895 1025 1075 0 0 0 0
"246" 995 905 895 895 895 895 1825 1975 0 0 0 0
"247" 990 895 895 895 895 895 600 0 0 0 0 0
"248" 1065 895 895 895 895 895 775 0 0 0 0 0
"249" 1000 895 895 895 895 895 500 0 0 0 0 0
"250" 1020 895 895 895 895 895 375 0 0 0 0 0
"251" 1025 905 895 895 895 895 1000 1050 0 0 0 0
"252" 1035 910 905 900 895 895 1850 2050 2250 2400 0 0
"253" 1050 910 905 900 895 895 1700 1900 2225 2400 0 0
"254" 1000 895 895 895 895 895 1575 0 0 0 0 0
"255" 1045 970 935 925 905 895 1025 1175 1225 1400 1550 0
"256" 1025 895 895 895 895 895 1925 0 0 0 0 0
"257" 1055 925 915 905 895 895 1750 1825 2000 2375 0 0
"258" 1085 935 900 895 895 895 1025 1050 1175 0 0 0
"259" 1075 895 895 895 895 895 725 0 0 0 0 0
"260" 1025 895 895 895 895 895 375 0 0 0 0 0
"261" 985 895 895 895 895 895 1075 0 0 0 0 0
"262" 1015 895 895 895 895 895 450 0 0 0 0 0
"263" 1000 940 900 895 895 895 1275 1300 1325 0 0 0
"264" 1095 1010 895 895 895 895 175 200 0 0 0 0
"265" 985 975 910 895 895 895 1225 1350 1400 0 0 0
"266" 995 975 895 895 895 895 1625 1800 0 0 0 0
"267" 1080 940 925 910 895 895 1075 1250 1750 1775 0 0
"268" 1095 905 895 895 895 895 1900 2350 0 0 0 0
"269" 1010 895 895 895 895 895 1525 0 0 0 0 0
"270" 1030 1025 915 900 895 895 1325 1350 1425 1675 0 0
"271" 1090 895 895 895 895 895 2300 0 0 0 0 0
"272" 1055 895 895 895 895 895 575 0 0 0 0 0
"273" 1085 910 895 895 895 895 750 800 0 0 0 0
"274" 1085 895 895 895 895 895 700 0 0 0 0 0
"275" 1015 895 895 895 895 895 425 0 0 0 0 0
"276" 1040 1035 895 895 895 895 1200 1750 0 0 0 0
"277" 995 895 895 895 895 895 1075 0 0 0 0 0
"278" 985 895 895 895 895 895 1100 0 0 0 0 0
"279" 1030 910 905 895 895 895 1975 2125 2275 0 0 0
"280" 1080 995 910 895 895 895 2050 2075 2300 0 0 0
"281" 1065 895 895 895 895 895 325 0 0 0 0 0
"282" 1005 895 895 895 895 895 700 0 0 0 0 0
"283" 1020 920 905 900 895 895 1300 1400 2225 2350 0 0
"284" 990 910 895 895 895 895 825 850 0 0 0 0
"285" 1070 975 905 900 895 895 1350 1525 1725 1775 0 0
"286" 1055 895 895 895 895 895 750 0 0 0 0 0
"287" 1090 910 900 895 895 895 1175 1225 2150 0 0 0
"288" 1005 895 895 895 895 895 1775 0 0 0 0 0
"289" 1075 895 895 895 895 895 1075 0 0 0 0 0
"290" 1100 1095 1040 910 900 895 650 700 825 950 2350 0
"291" 1040 980 945 915 910 905 1150 1175 1200 1325 1475 1525
"292" 1095 1040 1030 975 900 895 175 975 1450 1550 1600 0
"293" 1045 895 895 895 895 895 1275 0 0 0 0 0
"294" 1095 905 895 895 895 895 1100 1750 0 0 0 0
"295" 1065 920 915 905 900 895 1525 1550 1725 1850 1950 0
"296" 1065 970 905 900 895 895 1375 1450 1600 1875 0 0
"297" 1055 905 900 895 895 895 1475 1650 1875 0 0 0
"298" 1045 895 895 895 895 895 1400 0 0 0 0 0
"299" 1020 915 910 905 900 895 1500 2075 2275 2350 2375 0
"300" 1030 1000 980 945 920 895 1550 1700 1950 2075 2200 0
"301" 1030 895 895 895 895 895 975 0 0 0 0 0
"302" 1065 915 895 895 895 895 1900 1975 0 0 0 0
"303" 1085 895 895 895 895 895 1850 0 0 0 0 0
"304" 1010 930 895 895 895 895 2175 2200 0 0 0 0
"305" 1010 940 900 895 895 895 1225 1300 1350 0 0 0
"306" 1085 945 915 910 905 895 800 900 925 975 1450 0
"307" 1035 1010 970 925 905 895 1125 1225 1250 1325 1475 0
"308" 1025 935 910 900 895 895 1500 1600 1950 2000 0 0
"309" 1100 945 920 895 895 895 1125 1175 2250 0 0 0
"310" 1015 950 900 895 895 895 1350 1425 1475 0 0 0
"311" 1040 910 905 895 895 895 1975 2175 2350 0 0 0
"312" 1100 935 895 895 895 895 1525 1600 0 0 0 0
"313" 980 945 900 895 895 895 1100 1275 1425 0 0 0
"314" 1070 930 905 895 895 895 1250 1775 2250 0 0 0
"315" 1085 945 935 925 905 895 1000 1025 1050 1400 1450 0
"316" 1030 955 925 900 895 895 1450 1550 1700 1800 0 0
"317" 1010 995 900 895 895 895 1925 1950 2250 0 0 0
"318" 1020 920 910 900 895 895 1725 1850 1950 2250 0 0
"319" 1095 970 895 895 895 895 2150 2400 0 0 0 0
"320" 1025 910 895 895 895 895 500 525 0 0 0 0
"321" 1065 925 915 895 895 895 1625 2175 2400 0 0 0
"322" 1060 965 905 900 895 895 1675 1700 1925 2325 0 0
"323" 1030 895 895 895 895 895 1250 0 0 0 0 0
"324" 945 920 900 895 895 895 850 900 950 0 0 0
"325" 1090 900 895 895 895 895 1750 2400 0 0 0 0
"326" 1010 895 895 895 895 895 1000 0 0 0 0 0
"327" 985 895 895 895 895 895 450 0 0 0 0 0
"328" 1015 895 895 895 895 895 700 0 0 0 0 0
"329" 1055 900 895 895 895 895 1825 1950 0 0 0 0
"330" 1065 895 895 895 895 895 1825 0 0 0 0 0
"331" 1005 895 895 895 895 895 1525 0 0 0 0 0
"332" 1090 895 895 895 895 895 1075 0 0 0 0 0
"333" 1085 920 895 895 895 895 1775 2300 0 0 0 0
"334" 975 950 895 895 895 895 1075 1100 0 0 0 0
"335" 1060 905 895 895 895 895 1075 1300 0 0 0 0
"336" 1040 1025 905 900 895 895 1175 1225 1275 1475 0 0
"337" 1040 910 895 895 895 895 975 1050 0 0 0 0
"338" 1015 895 895 895 895 895 1200 0 0 0 0 0
"339" 1045 915 900 895 895 895 1350 1475 1850 0 0 0
"340" 1025 895 895 895 895 895 1200 0 0 0 0 0
"341" 1075 895 895 895 895 895 775 0 0 0 0 0
"342" 1095 940 925 915 895 895 1025 1175 1575 1875 0 0
"343" 1030 895 895 895 895 895 775 0 0 0 0 0
"344" 1075 895 895 895 895 895 925 0 0 0 0 0
"345" 1015 960 930 900 895 895 1625 1725 1800 1825 0 0
"346" 1095 975 915 905 895 895 1325 1375 1425 1625 0 0
"347" 1000 895 895 895 895 895 575 0 0 0 0 0
"348" 1045 900 895 895 895 895 1025 1100 0 0 0 0
"349" 1050 895 895 895 895 895 975 0 0 0 0 0
"350" 1020 980 905 900 895 895 1600 1625 1800 1925 0 0
"351" 1085 895 895 895 895 895 675 0 0 0 0 0
"352" 1035 895 895 895 895 895 1750 0 0 0 0 0
"353" 1020 895 895 895 895 895 525 0 0 0 0 0
"354" 1020 1015 895 895 895 895 350 550 0 0 0 0
"355" 925 895 895 895 895 895 850 0 0 0 0 0
"356" 1015 895 895 895 895 895 650 0 0 0 0 0
"357" 1055 970 905 900 895 895 1425 1450 1525 1875 0 0
"358" 1045 895 895 895 895 895 1175 0 0 0 0 0
"359" 1010 975 895 895 895 895 1700 1725 0 0 0 0
"360" 1070 895 895 895 895 895 1425 0 0 0 0 0
"361" 1060 975 895 895 895 895 450 525 0 0 0 0
"362" 1000 895 895 895 895 895 950 0 0 0 0 0
"363" 1055 900 895 895 895 895 525 575 0 0 0 0
"364" 1035 895 895 895 895 895 1050 0 0 0 0 0
"365" 1030 1025 915 900 895 895 1550 1600 1650 1975 0 0
"366" 970 945 900 895 895 895 1675 1750 2300 0 0 0
"367" 1005 975 900 895 895 895 1400 1475 1675 0 0 0
"368" 1055 895 895 895 895 895 175 0 0 0 0 0
"369" 1070 970 930 925 900 895 1300 1475 1575 1700 1775 0
"370" 1020 895 895 895 895 895 600 0 0 0 0 0
"371" 1075 895 895 895 895 895 275 0 0 0 0 0
"372" 1025 930 895 895 895 895 950 975 0 0 0 0
"373" 1080 895 895 895 895 895 150 0 0 0 0 0
"374" 1085 895 895 895 895 895 1950 0 0 0 0 0
"375" 1005 905 895 895 895 895 1000 1050 0 0 0 0
"376" 1050 895 895 895 895 895 725 0 0 0 0 0
"377" 1045 975 940 915 905 895 1300 1500 1550 2100 2275 0
"378" 985 895 895 895 895 895 725 0 0 0 0 0
"379" 1060 1055 1040 925 920 895 375 625 950 1000 1300 0
"380" 1065 910 905 900 895 895 1075 1825 1900 1925 0 0
"381" 1085 905 900 895 895 895 1200 1250 2150 0 0 0
"382" 1060 935 900 895 895 895 1475 1500 1850 0 0 0
"383" 1010 895 895 895 895 895 925 0 0 0 0 0
"384" 985 895 895 895 895 895 575 0 0 0 0 0
"385" 1090 910 895 895 895 895 975 1825 0 0 0 0
"386" 1005 895 895 895 895 895 1300 0 0 0 0 0
"387" 1015 895 895 895 895 895 950 0 0 0 0 0
"388" 1005 895 895 895 895 895 1225 0 0 0 0 0
"389" 1080 915 895 895 895 895 1400 1425 0 0 0 0
"390" 1075 895 895 895 895 895 875 0 0 0 0 0
"391" 1075 895 895 895 895 895 275 0 0 0 0 0
"392" 1015 895 895 895 895 895 1075 0 0 0 0 0
"393" 1020 920 910 900 895 895 1825 1975 2075 2250 0 0
"394" 1050 895 895 895 895 895 275 0 0 0 0 0
"395" 995 895 895 895 895 895 675 0 0 0 0 0
"396" 1095 900 895 895 895 895 925 1600 0 0 0 0
"397" 1080 925 910 895 895 895 2225 2250 2375 0 0 0
"398" 1090 895 895 895 895 895 725 0 0 0 0 0
"399" 1020 895 895 895 895 895 1275 0 0 0 0 0
"400" 1055 985 910 905 900 895 950 1125 1150 1375 1775 0
"401" 1085 930 895 895 895 895 1800 1850 0 0 0 0
"402" 1035 895 895 895 895 895 2000 0 0 0 0 0
"403" 1055 1040 895 895 895 895 600 1650 0 0 0 0
"404" 1025 925 900 895 895 895 1300 1325 1500 0 0 0
"405" 1055 895 895 895 895 895 975 0 0 0 0 0
"406" 1065 895 895 895 895 895 425 0 0 0 0 0
"407" 995 895 895 895 895 895 725 0 0 0 0 0
"408" 1030 895 895 895 895 895 750 0 0 0 0 0
"409" 950 945 895 895 895 895 2250 2400 0 0 0 0
"410" 1045 895 895 895 895 895 825 0 0 0 0 0
"411" 1015 895 895 895 895 895 725 0 0 0 0 0
"412" 1090 895 895 895 895 895 625 0 0 0 0 0
"413" 1100 895 895 895 895 895 625 0 0 0 0 0
"414" 1075 895 895 895 895 895 400 0 0 0 0 0
"415" 1085 895 895 895 895 895 575 0 0 0 0 0
"416" 1095 1090 1070 930 925 895 325 625 975 1000 1300 0
"417" 1085 895 895 895 895 895 225 0 0 0 0 0
"418" 1025 895 895 895 895 895 175 0 0 0 0 0
"419" 1005 895 895 895 895 895 1450 0 0 0 0 0
"420" 1045 930 905 900 895 895 1125 1675 1825 2100 0 0
"421" 980 965 910 895 895 895 1225 1375 1425 0 0 0
"422" 1020 895 895 895 895 895 1000 0 0 0 0 0
"423" 1055 895 895 895 895 895 1400 0 0 0 0 0
"424" 985 900 895 895 895 895 1225 1875 0 0 0 0
"425" 935 895 895 895 895 895 350 0 0 0 0 0
"426" 1015 895 895 895 895 895 550 0 0 0 0 0
"427" 1045 895 895 895 895 895 100 0 0 0 0 0
"428" 1025 905 895 895 895 895 1025 1100 0 0 0 0
"429" 1045 935 915 895 895 895 1475 2175 2400 0 0 0
"430" 1040 1010 895 895 895 895 1350 1450 0 0 0 0
"431" 1000 895 895 895 895 895 625 0 0 0 0 0
"432" 1095 940 935 925 915 910 1175 1400 1475 1550 1575 1625
"433" 1040 935 915 900 895 895 1525 1650 1825 1875 0 0
"434" 1015 910 900 895 895 895 1650 1825 1925 0 0 0
"435" 1090 905 895 895 895 895 875 1250 0 0 0 0
"436" 1000 910 895 895 895 895 2175 2200 0 0 0 0
"437" 930 895 895 895 895 895 600 0 0 0 0 0
"438" 1085 920 895 895 895 895 1150 1250 0 0 0 0
"439" 1075 895 895 895 895 895 75 0 0 0 0 0
"440" 1040 1025 905 900 895 895 1300 1350 1400 1900 0 0
"441" 1040 900 895 895 895 895 1125 1175 0 0 0 0
"442" 1050 895 895 895 895 895 625 0 0 0 0 0
"443" 1000 965 895 895 895 895 1700 1875 0 0 0 0
"444" 1030 915 895 895 895 895 1225 1275 0 0 0 0
"445" 1060 905 895 895 895 895 1375 1625 0 0 0 0
"446" 1090 905 895 895 895 895 775 1025 0 0 0 0
"447" 1070 930 905 895 895 895 1025 1450 1850 0 0 0
"448" 1070 970 905 895 895 895 1400 1575 1700 0 0 0
"449" 1025 905 900 895 895 895 1775 2050 2100 0 0 0
"450" 1055 895 895 895 895 895 1075 0 0 0 0 0
"451" 1065 900 895 895 895 895 1725 1925 0 0 0 0
"452" 990 900 895 895 895 895 875 1000 0 0 0 0
"453" 1020 895 895 895 895 895 1125 0 0 0 0 0
"454" 1015 895 895 895 895 895 825 0 0 0 0 0
"455" 1055 895 895 895 895 895 325 0 0 0 0 0
"456" 1030 915 895 895 895 895 1200 1250 0 0 0 0
"457" 1025 895 895 895 895 895 1350 0 0 0 0 0
"458" 1025 895 895 895 895 895 725 0 0 0 0 0
"459" 1010 925 895 895 895 895 525 550 0 0 0 0
"460" 1080 990 925 915 910 895 1275 1650 1825 1875 1950 0
"461" 1010 910 900 895 895 895 1900 1950 2075 0 0 0
"462" 995 895 895 895 895 895 875 0 0 0 0 0
"463" 1020 895 895 895 895 895 700 0 0 0 0 0
