"err.quant" "err.varratio" "err.topo" "err.kaski"
"1" 0.704971843428033 91.17 0.181425485961123 2.84390489763646
"2" 0.639854843258852 91.98 0.0950323974082073 2.67923631798928
"3" 0.646922142621606 91.9 0.563714902807775 5.38775246156438
"4" 1.24696881046852 84.38 0.0691144708423326 3.36618353917524
"5" 1.77103117031185 77.81 0.0453563714902808 3.50892202695815
"6" 0.750981737738522 90.59 0.0453563714902808 2.897514204461
"7" 0.636871825193012 92.02 0.289416846652268 3.50907546698508
"8" 0.842105464376209 89.45 0.200863930885529 3.68602245023011
"9" 1.41646967625159 82.26 0.250539956803456 4.66682199782931
"10" 4.20385688068354 47.34 0.125269978401728 5.03702020517236
"11" 1.34057780647747 83.21 0.24622030237581 4.88089827505647
"12" 2.0797902699794 73.95 0.0475161987041037 3.95169962991118
"13" 0.766995987843877 90.39 0.55939524838013 6.19832064715427
"14" 1.36410807756539 82.91 0.153347732181425 3.60106484415167
"15" 0.604226102152157 92.43 0.546436285097192 5.31354614523953
"16" 0.677205291549363 91.52 0.745140388768899 7.52430333897285
"17" 0.647660903545994 91.89 0.0755939524838013 2.45724820468391
"18" 1.68575410292245 78.88 0.0345572354211663 3.54242837993618
"19" 1.62893261555708 79.59 0.39524838012959 6.13970217381559
"20" 0.723855497237248 90.93 0.19438444924406 3.51118573784304
"21" 0.966107069174867 87.9 0.399568034557235 4.78786409006817
"22" 0.635904947271225 92.03 0.00863930885529158 2.47935586746288
"23" 1.57007278702585 80.33 0.0583153347732181 3.63299211134131
"24" 0.637547525436144 92.01 0.0475161987041037 2.74594659558491
"25" 1.62893261555708 79.59 0.308855291576674 5.26295598119322
"26" 1.61322737800631 79.79 0.291576673866091 5.74878699960027
"27" 0.717291517430465 91.01 0.0755939524838013 2.90177969848495
"28" 1.01803509488174 87.25 0.42548596112311 4.68465945276095
"29" 0.592521561726486 92.58 0.429805615550756 4.63858871238105
"30" 0.418152991232742 94.76 0.0626349892008639 2.05422944010278
"31" 0.595521970515438 92.54 0.468682505399568 5.16912281232658
"32" 1.61136325550415 79.81 0.209503239740821 4.5296126644061
"33" 0.670496864207841 91.6 0.0799136069114471 2.50646494587272
"34" 0.750981737738522 90.59 0.0453563714902808 2.897514204461
"35" 0.77803360582964 90.25 0.576673866090713 5.85677710018444
"36" 1.77103117031185 77.81 0.0453563714902808 3.50892202695815
"37" 0.733420569491118 90.81 0.436285097192225 4.78687945623627
"38" 2.03729087608298 74.48 0.151187904967603 4.7263669812612
"39" 0.966107069174867 87.9 0.399568034557235 4.78786409006817
"40" 0.750981737738522 90.59 0.0453563714902808 2.897514204461
"41" 0.533086761358837 93.32 0.0539956803455724 2.39518416276197
"42" 0.595521970515438 92.54 0.468682505399568 5.16912281232658
"43" 0.750981737738522 90.59 0.0453563714902808 2.897514204461
"44" 0.842105464376209 89.45 0.200863930885529 3.68602245023011
"45" 0.748351746334239 90.63 0.177105831533477 3.04362900179918
"46" 0.842105464376209 89.45 0.200863930885529 3.68602245023011
"47" 1.6755149420166 79.01 0.0345572354211663 3.56278413483842
"48" 0.405365169655194 94.92 0.00863930885529158 2.0128441658666
"49" 1.57007278702585 80.33 0.0583153347732181 3.63299211134131
"50" 0.595521970515438 92.54 0.468682505399568 5.16912281232658
"51" 0.518962616455917 93.5 0.31317494600432 3.54881910418016
"52" 0.644483211042977 91.93 0.542116630669546 5.67640780645197
"53" 1.57226554117299 80.3 0.041036717062635 3.6760805289803
"54" 0.595521970515438 92.54 0.468682505399568 5.16912281232658
"55" 0.647129521013381 91.89 0.384449244060475 4.14254695478853
"56" 0.605606430532842 92.41 0.352051835853132 4.60752973710858
"57" 2.01223928941383 74.79 0.24622030237581 5.2781304801357
"58" 0.728294345143824 90.88 0.431965442764579 4.91811750484825
"59" 0.74941309609677 90.61 0.116630669546436 2.81546541965927
"60" 1.57007278702585 80.33 0.0583153347732181 3.63299211134131
"61" 2.1061828179203 73.62 0.302375809935205 5.01791328541376
"62" 0.639854843258852 91.98 0.0950323974082073 2.67923631798928
"63" 0.401906267845925 94.97 0.0647948164146868 2.07882433352371
"64" 2.00840242620167 74.84 0.0777537796976242 4.3716630271847
"65" 1.61025502877664 79.83 0.239740820734341 4.99625033604525
"66" 0.750981737738522 90.59 0.0453563714902808 2.897514204461
"67" 0.618798259859854 92.25 0.131749460043197 2.69056031135369
"68" 0.595521970515438 92.54 0.468682505399568 5.16912281232658
"69" 2.00840242620167 74.84 0.0777537796976242 4.3716630271847
"70" 0.966107069174867 87.9 0.399568034557235 4.78786409006817
"71" 0.753934374686533 90.56 0.663066954643629 7.75986890463601
"72" 0.565189652552289 92.92 0.451403887688985 3.61982803095833
"73" 0.717291517430465 91.01 0.0755939524838013 2.90177969848495
"74" 1.61136325550415 79.81 0.209503239740821 4.5296126644061
"75" 0.579143701387134 92.75 0.55939524838013 4.4006837289113
"76" 0.607803704219848 92.39 0.0712742980561555 2.57033128903289
"77" 0.647660903545994 91.89 0.0755939524838013 2.45724820468391
"78" 0.966107069174867 87.9 0.399568034557235 4.78786409006817
"79" 0.748848865904051 90.62 0.177105831533477 3.03827385583036
"80" 0.704971843428033 91.17 0.181425485961123 2.84390489763646
"81" 0.526768318705622 93.4 0.362850971922246 4.40850767363138
"82" 1.34057780647747 83.21 0.24622030237581 4.88089827505647
"83" 0.750981737738522 90.59 0.0453563714902808 2.897514204461
"84" 0.618798259859854 92.25 0.131749460043197 2.69056031135369
"85" 3.6864268908421 53.82 0.47732181425486 7.4512384054247
"86" 0.633224888594292 92.07 0.403887688984881 4.49453868480132
"87" 0.463590338861829 94.19 0.421166306695464 3.98627982426531
"88" 1.61025502877664 79.83 0.285097192224622 5.01406206196744
"89" 0.607803704219848 92.39 0.0712742980561555 2.57033128903289
"90" 0.438723268653603 94.5 0.658747300215983 4.56010368384385
"91" 0.750981737738522 90.59 0.0453563714902808 2.897514204461
"92" 1.53160273161124 80.81 0.0431965442764579 3.81401851391342
"93" 0.607803704219848 92.39 0.0712742980561555 2.57033128903289
"94" 1.7291911728223 78.34 0.475161987041037 6.72196784733451
"95" 1.61082951170341 79.82 0.209503239740821 4.66488037215225
"96" 0.595521970515438 92.54 0.468682505399568 5.16912281232658
"97" 0.595521970515438 92.54 0.468682505399568 5.16912281232658
"98" 0.644497782491775 91.93 0.600431965442765 5.1367690787295
"99" 1.02490103896383 87.16 0.626349892008639 5.19773341612271
"100" 0.750981737738522 90.59 0.0453563714902808 2.897514204461
"101" 0.511298608250331 93.59 0.0863930885529158 2.56212447040184
"102" 0.62802529570851 92.13 0.485961123110151 5.02541323139879
"103" 2.10884660896403 73.58 0.123110151187905 4.08182079259395
"104" 0.647660903545994 91.89 0.0755939524838013 2.45724820468391
"105" 1.6755149420166 79.01 0.0345572354211663 3.56278413483842
"106" 0.420833538152921 94.73 0.0496760259179266 2.02087949727862
"107" 0.620899977181356 92.22 0.114470842332613 2.70486573201191
"108" 0.424553718171439 94.68 0.503239740820734 4.88764307795347
"109" 0.613322131548226 92.32 0.613390928725702 5.28492109530219
"110" 0.450885031477767 94.35 0.52267818574514 4.3279472851291
"111" 0.735482040770471 90.79 0.239740820734341 3.44432786893218
"112" 2.03729087608298 74.48 0.151187904967603 4.7263669812612
"113" 0.750981737738522 90.59 0.0453563714902808 2.897514204461
"114" 0.524958601524689 93.42 0.107991360691145 2.65626100541173
"115" 2.08297944038426 73.91 0.336933045356371 5.4507611117293
"116" 0.618798259859854 92.25 0.131749460043197 2.69056031135369
"117" 0.577632498050288 92.76 0.0885529157667387 2.27938832892808
"118" 1.63914199432702 79.47 0.110151187904968 3.81152331270543
"119" 0.717291517430465 91.01 0.0755939524838013 2.90177969848495
"120" 0.7306278158061 90.85 0.501079913606911 5.3426031816692
"121" 0.650821571023942 91.85 0.568034557235421 5.37975772856213
"122" 0.647660903545994 91.89 0.0755939524838013 2.45724820468391
"123" 0.595521970515438 92.54 0.468682505399568 5.16912281232658
"124" 0.607803704219848 92.39 0.0712742980561555 2.57033128903289
"125" 0.534147152939189 93.31 0.0323974082073434 2.32477968709467
"126" 0.435104948919902 94.55 0.676025917926566 5.12414916210671
"127" 0.655364934958898 91.79 0.524838012958963 5.68833348613631
"128" 0.595521970515438 92.54 0.468682505399568 5.16912281232658
"129" 1.01803509488174 87.25 0.42548596112311 4.68465945276095
"130" 0.71580095197989 91.03 0.457883369330454 4.7597433988118
"131" 0.641654972261691 91.96 0.632829373650108 5.40498555870497
"132" 0.647660903545994 91.89 0.0755939524838013 2.45724820468391
"133" 0.643049082909373 91.94 0.570194384449244 5.08477940107175
"134" 2.01346368769688 74.78 0 4.18890128341071
"135" 0.595521970515438 92.54 0.468682505399568 5.16912281232658
"136" 1.63914199432702 79.47 0.110151187904968 3.81152331270543
"137" 0.686570388247517 91.4 0.0885529157667387 2.54944072442296
"138" 0.607803704219848 92.39 0.0712742980561555 2.57033128903289
"139" 1.01803509488174 87.25 0.42548596112311 4.68465945276095
"140" 0.665471818645617 91.66 0.235421166306695 3.10482606565236
"141" 0.607193319915949 92.39 0.546436285097192 5.50311975271966
"142" 2.10884660896403 73.58 0.123110151187905 4.08182079259395
"143" 1.67674072009541 79 0.157667386609071 4.05120887313988
"144" 1.77103117031185 77.81 0.0453563714902808 3.50892202695815
"145" 0.686570388247517 91.4 0.0885529157667387 2.54944072442296
"146" 1.67674072009541 79 0.157667386609071 4.05120887313988
"147" 0.4158570174073 94.79 0.501079913606911 4.48725971760937
"148" 0.717291517430465 91.01 0.0755939524838013 2.90177969848495
"149" 0.733420569491118 90.81 0.436285097192225 4.78687945623627
"150" 0.650729626753514 91.85 0.665226781857451 5.22131698603695
"151" 0.508464682139509 93.63 0.0755939524838013 2.43113264164851
"152" 0.966107069174867 87.9 0.399568034557235 4.78786409006817
"153" 1.62405756609194 79.66 0.0475161987041037 3.71375676920226
"154" 0.618798259859854 92.25 0.131749460043197 2.69056031135369
"155" 2.00840242620167 74.84 0.0777537796976242 4.3716630271847
"156" 1.01803509488174 87.25 0.42548596112311 4.68465945276095
"157" 1.01803509488174 87.25 0.42548596112311 4.68465945276095
"158" 0.767364359729561 90.39 0.041036717062635 2.70372370276412
"159" 2.08997300207723 73.82 0.142548596112311 4.3827277592383
"160" 2.00840242620167 74.84 0.0777537796976242 4.3716630271847
"161" 0.851971031495932 89.33 0.568034557235421 4.9816416060717
"162" 0.526768318705622 93.4 0.367170626349892 4.22658191985771
"163" 0.966107069174867 87.9 0.399568034557235 4.78786409006817
"164" 0.748351746334239 90.63 0.177105831533477 3.04362900179918
"165" 0.691080926686637 91.34 0.645788336933045 6.54098431868816
"166" 0.670496864207841 91.6 0.0799136069114471 2.50646494587272
"167" 1.66989682139029 79.08 0.0323974082073434 3.57150702338107
"168" 0.607803704219848 92.39 0.0712742980561555 2.57033128903289
"169" 1.63914199432702 79.47 0.110151187904968 3.81152331270543
"170" 3.68629896123797 53.82 0.0907127429805616 5.32564656998695
"171" 2.08997300207723 73.82 0.142548596112311 4.3827277592383
"172" 0.748905211140962 90.62 0.0453563714902808 2.89075469424268
"173" 1.61025502877664 79.83 0.285097192224622 5.01406206196744
"174" 1.61025502877664 79.83 0.285097192224622 5.01406206196744
"175" 1.57007278702585 80.33 0.0583153347732181 3.63299211134131
"176" 0.538028625634786 93.26 0.47732181425486 4.31681338150852
"177" 0.780618039307908 90.22 0.174946004319654 3.36665885267751
"178" 1.6755149420166 79.01 0.0345572354211663 3.56278413483842
"179" 0.595521970515438 92.54 0.468682505399568 5.16912281232658
"180" 1.01803509488174 87.25 0.42548596112311 4.68465945276095
"181" 0.733420569491118 90.81 0.436285097192225 4.78687945623627
"182" 3.68629896123797 53.82 0.0907127429805616 5.32564656998695
"183" 1.70310637640372 78.67 0.265658747300216 4.44736111261435
"184" 0.63327631465935 92.07 0.565874730021598 5.02046150078057
"185" 0.61127487470001 92.34 0.468682505399568 4.3472331320295
"186" 0.626703238828234 92.15 0.0971922246220302 2.64909851426693
"187" 1.61025502877664 79.83 0.239740820734341 4.99625033604525
"188" 0.746056326437029 90.65 0.161987041036717 3.03729313779611
"189" 1.68575410292245 78.88 0.0345572354211663 3.54242837993618
"190" 0.618798259859854 92.25 0.131749460043197 2.69056031135369
"191" 2.11759603325121 73.47 0.00863930885529158 4.27263317684307
"192" 1.63914199432702 79.47 0.110151187904968 3.81152331270543
"193" 1.74987861926367 78.08 0.138228941684665 4.12069358055414
"194" 2.08997300207723 73.82 0.142548596112311 4.3827277592383
"195" 0.595521970515438 92.54 0.468682505399568 5.16912281232658
"196" 1.70310637640372 78.67 0.265658747300216 4.44736111261435
"197" 1.41646967625159 82.26 0.250539956803456 4.66682199782931
"198" 1.70426881493728 78.65 0.239740820734341 5.01292225909809
"199" 0.502111205624185 93.71 0.375809935205184 5.84267137574034
"200" 0.421596163029966 94.72 0.444924406047516 4.4278489011281
"201" 1.70426881493728 78.65 0.239740820734341 5.01292225909809
"202" 0.728986095419506 90.87 0.483801295896328 5.13936781265002
"203" 0.56727693993693 92.89 0.274298056155508 3.72462051691848
"204" 0.595521970515438 92.54 0.468682505399568 5.16912281232658
"205" 2.01223928941383 74.79 0.436285097192225 6.18483470284814
"206" 0.626703238828234 92.15 0.0971922246220302 2.64909851426693
"207" 0.699390907982732 91.24 0.101511879049676 2.62672533826164
"208" 2.11759603325121 73.47 0.00863930885529158 4.27263317684307
"209" 2.09901261428735 73.71 0.0518358531317495 3.93250320741207
"210" 0.490914874652607 93.85 0.110151187904968 2.70461076703771
"211" 0.842105464376209 89.45 0.200863930885529 3.68602245023011
"212" 1.02490103896383 87.16 0.626349892008639 5.19773341612271
"213" 1.56972346840504 80.34 0.0928725701943845 3.91665403315031
"214" 1.31008043599982 83.59 0.0928725701943845 3.24173093407353
"215" 0.647660903545994 91.89 0.0755939524838013 2.45724820468391
"216" 0.842105464376209 89.45 0.200863930885529 3.68602245023011
"217" 0.504694188147543 93.68 0.133909287257019 2.71959196675569
"218" 0.607803704219848 92.39 0.0712742980561555 2.57033128903289
"219" 0.607803704219848 92.39 0.0712742980561555 2.57033128903289
"220" 0.607803704219848 92.39 0.0712742980561555 2.57033128903289
"221" 2.10884660896403 73.58 0.123110151187905 4.08182079259395
"222" 0.642418790408611 91.95 0.0367170626349892 2.36514125816373
"223" 0.605120677154921 92.42 0.490280777537797 5.0350285844354
"224" 0.61924139998494 92.24 0.611231101511879 5.65817358936055
"225" 0.595521970515438 92.54 0.468682505399568 5.16912281232658
"226" 0.590104493905996 92.61 0.08207343412527 2.54433791656834
"227" 1.02490103896383 87.16 0.626349892008639 5.19773341612271
"228" 2.01350476803422 74.78 0 4.17461125624096
"229" 0.605606430532842 92.41 0.352051835853132 4.60752973710858
"230" 0.423960120180251 94.69 0.416846652267819 4.42620569450047
"231" 2.1061828179203 73.62 0.302375809935205 5.01791328541376
"232" 3.68629896123797 53.82 0.0907127429805616 5.32564656998695
"233" 2.08997300207723 73.82 0.142548596112311 4.3827277592383
"234" 1.02490103896383 87.16 0.626349892008639 5.19773341612271
"235" 0.595521970515438 92.54 0.468682505399568 5.16912281232658
"236" 1.60264981543877 79.92 0.118790496760259 4.1186401623633
"237" 0.592168226617373 92.58 0.548596112311015 5.78313020474768
"238" 2.01223928941383 74.79 0.436285097192225 6.18483470284814
"239" 0.480234066726429 93.98 0.170626349892009 2.66036863723005
"240" 0.602521517950315 92.45 0.127429805615551 2.74516760987985
"241" 1.56972346840504 80.34 0.0928725701943845 3.91665403315031
"242" 0.733420569491118 90.81 0.436285097192225 4.78687945623627
"243" 1.61025502877664 79.83 0.239740820734341 4.99625033604525
"244" 1.70310637640372 78.67 0.265658747300216 4.44736111261435
"245" 0.748968701639439 90.62 0.0453563714902808 2.89183799901834
"246" 0.649344565622596 91.87 0.159827213822894 2.8672339248245
"247" 0.735346680114809 90.79 0.42548596112311 5.04848022948243
"248" 0.595521970515438 92.54 0.468682505399568 5.16912281232658
"249" 0.490914874652607 93.85 0.110151187904968 2.70461076703771
"250" 0.613335363661875 92.32 0.660907127429806 6.2852612874925
"251" 1.67517308905233 79.02 0.0431965442764579 3.54070076835667
"252" 0.463590338861829 94.19 0.421166306695464 3.98627248001785
"253" 0.65880393350375 91.75 0.637149028077754 5.19857613694374
"254" 0.647660903545994 91.89 0.0755939524838013 2.45724820468391
"255" 0.595521970515438 92.54 0.468682505399568 5.16912281232658
"256" 1.42444979794716 82.16 0.278617710583153 4.66812271015574
"257" 2.10884660896403 73.58 0.123110151187905 4.08182079259395
"258" 1.27817767855955 83.99 0.159827213822894 3.86092157069884
"259" 1.61025502877664 79.83 0.285097192224622 5.01406206196744
"260" 0.595521970515438 92.54 0.468682505399568 5.16912281232658
"261" 0.428029082481589 94.64 0.0734341252699784 2.05938561556271
"262" 2.11759603325121 73.47 0.00863930885529158 4.27263317684307
"263" 0.717291517430465 91.01 0.0755939524838013 2.90177969848495
"264" 2.00840242620167 74.84 0.0777537796976242 4.3716630271847
"265" 0.536498230006328 93.28 0.626349892008639 7.22388147780424
"266" 0.648804145971091 91.87 0.596112311015119 4.68014823641739
"267" 0.733420569491118 90.81 0.436285097192225 4.78687945623627
"268" 0.750981737738522 90.59 0.0453563714902808 2.897514204461
"269" 2.00840242620167 74.84 0.0777537796976242 4.3716630271847
"270" 0.758923123053975 90.49 0.0734341252699784 3.2269323756946
"271" 3.6864268908421 53.82 0.0907127429805616 5.31887367614333
"272" 0.638018375203202 92.01 0.695464362850972 7.08653773221513
"273" 0.727576502284977 90.89 0.496760259179266 5.73748855395684
"274" 1.7291911728223 78.34 0.475161987041037 6.72196784733451
"275" 1.63914199432702 79.47 0.110151187904968 3.81152331270543
"276" 0.637814752965458 92.01 0.287257019438445 3.48455780392576
"277" 0.577940644630724 92.76 0.151187904967603 2.38917696642794
"278" 1.57226554117299 80.3 0.041036717062635 3.6760805289803
"279" 0.627707716233027 92.14 0.557235421166307 4.85562130673996
"280" 1.02490103896383 87.16 0.626349892008639 5.19773341612271
"281" 2.01069676445933 74.81 0.222462203023758 5.36446301965361
"282" 0.595521970515438 92.54 0.468682505399568 5.16912281232658
"283" 0.667230689235674 91.64 0.172786177105832 2.97926677359227
"284" 1.31008043599982 83.59 0.0928725701943845 3.24173093407353
"285" 2.11759603325121 73.47 0.00863930885529158 4.27263317684307
"286" 0.966107069174867 87.9 0.399568034557235 4.78786409006817
"287" 1.53160273161124 80.81 0.0431965442764579 3.81401851391342
"288" 0.595521970515438 92.54 0.468682505399568 5.16912281232658
"289" 0.626703238828234 92.15 0.0971922246220302 2.64909851426693
"290" 0.966107069174867 87.9 0.399568034557235 4.78786409006817
"291" 0.419893354069049 94.74 0.0691144708423326 2.08529724375878
"292" 0.595521970515438 92.54 0.468682505399568 5.16912281232658
"293" 0.607803704219848 92.39 0.0712742980561555 2.57033128903289
"294" 0.620899977181356 92.22 0.114470842332613 2.70486573201191
"295" 0.607803704219848 92.39 0.0712742980561555 2.57033128903289
"296" 0.748351746334239 90.63 0.177105831533477 3.04362900179918
"297" 0.750981737738522 90.59 0.0453563714902808 2.897514204461
"298" 1.22873985099755 84.61 0.198704103671706 3.96079212812046
"299" 1.60264981543877 79.92 0.118790496760259 4.1186401623633
"300" 0.966107069174867 87.9 0.399568034557235 4.78786409006817
"301" 0.595521970515438 92.54 0.468682505399568 5.16912281232658
"302" 0.639854843258852 91.98 0.0950323974082073 2.67923631798928
"303" 0.546147352360422 93.16 0.0928725701943845 2.31008747794413
"304" 0.655265560659658 91.79 0.485961123110151 4.7052263009292
"305" 1.67674072009541 79 0.220302375809935 5.24812398784998
"306" 0.746056326437029 90.65 0.161987041036717 3.03729313779611
"307" 0.509952485586469 93.61 0.218142548596112 2.8547374942501
"308" 0.435104948919902 94.55 0.676025917926566 5.12414916210671
"309" 0.626939690925038 92.15 0.41036717062635 4.57057112001024
"310" 0.607803704219848 92.39 0.0712742980561555 2.57033128903289
"311" 0.71711167784788 91.02 0.0259179265658747 2.79425873217044
"312" 0.607803704219848 92.39 0.0712742980561555 2.57033128903289
"313" 0.746056326437029 90.65 0.161987041036717 3.03729313779611
"314" 1.61025502877664 79.83 0.239740820734341 4.99625033604525
"315" 2.08775193142577 73.85 0.0518358531317495 3.94111249446761
"316" 0.421596163029966 94.72 0.444924406047516 4.4278489011281
"317" 0.600631736630491 92.48 0.0777537796976242 2.76630335067173
"318" 1.53053605856359 80.83 0.0496760259179266 3.85161155943325
"319" 1.63914199432702 79.47 0.110151187904968 3.81152331270543
"320" 0.739899624280459 90.73 0.615550755939525 7.64807298192548
"321" 0.605606430532842 92.41 0.352051835853132 4.60752973710858
"322" 0.74941309609677 90.61 0.116630669546436 2.81546541965927
"323" 0.595521970515438 92.54 0.468682505399568 5.16912281232658
"324" 0.647129521013381 91.89 0.384449244060475 4.14254695478853
"325" 0.595521970515438 92.54 0.468682505399568 5.16912281232658
"326" 1.27817767855955 83.99 0.159827213822894 3.86092157069884
"327" 0.581431534894781 92.72 0.531317494600432 5.2239406767086
"328" 2.11759603325121 73.47 0.00863930885529158 4.27263317684307
"329" 1.6755149420166 79.01 0.0345572354211663 3.56278413483842
"330" 1.25329641594607 84.3 0.289416846652268 5.95687151034879
"331" 1.77103117031185 77.81 0.0453563714902808 3.50892202695815
"332" 1.61025502877664 79.83 0.285097192224622 5.01406206196744
"333" 0.401906267845925 94.97 0.0647948164146868 2.07882433352371
"334" 0.635904947271225 92.03 0.00863930885529158 2.47935586746288
"335" 0.672391141046928 91.58 0.0907127429805616 2.49877532840758
"336" 2.01786679457541 74.72 0.34341252699784 6.13275088009767
"337" 1.53053605856359 80.83 0.0496760259179266 3.85161155943325
"338" 0.647660903545994 91.89 0.0755939524838013 2.45724820468391
"339" 0.746056326437029 90.65 0.161987041036717 3.03729313779611
"340" 0.836931744796463 89.52 0.552915766738661 5.09157398191349
"341" 1.01803509488174 87.25 0.42548596112311 4.68465945276095
"342" 0.606901214728501 92.4 0.406047516198704 4.67362055127251
"343" 2.11759603325121 73.47 0.00863930885529158 4.27263317684307
"344" 1.67302063669421 79.04 0.380129589632829 5.31453296946021
"345" 1.55634477556608 80.5 0.0388768898488121 3.03550473781877
"346" 0.418152991232742 94.76 0.0626349892008639 2.05422944010278
"347" 3.6864268908421 53.82 0.0907127429805616 5.31887367614333
"348" 2.01223928941383 74.79 0.436285097192225 6.18483470284814
"349" 0.966107069174867 87.9 0.399568034557235 4.78786409006817
"350" 1.62893261555708 79.59 0.377969762419006 6.00527390625174
"351" 2.11759603325121 73.47 0.00863930885529158 4.27263317684307
"352" 0.842105464376209 89.45 0.200863930885529 3.68602245023011
"353" 0.384245469360161 95.19 0.362850971922246 3.93359067359847
"354" 1.53160273161124 80.81 0.0431965442764579 3.81401851391342
"355" 1.61025502877664 79.83 0.239740820734341 4.99625033604525
"356" 0.750981737738522 90.59 0.0453563714902808 2.897514204461
"357" 1.62405756609194 79.66 0.0475161987041037 3.71375676920226
"358" 1.70426881493728 78.65 0.239740820734341 5.01292225909809
"359" 0.568656028669889 92.88 0.142548596112311 2.49359949998318
"360" 0.538028625634786 93.26 0.47732181425486 4.31681338150852
"361" 0.746056326437029 90.65 0.161987041036717 3.03729313779611
"362" 1.61025502877664 79.83 0.285097192224622 5.01406206196744
"363" 0.699390907982732 91.24 0.101511879049676 2.62672533826164
"364" 4.00782664139843 49.79 0.0259179265658747 4.60469224291681
"365" 0.681726256145031 91.46 0.0863930885529158 2.55248830317492
"366" 0.577940644630724 92.76 0.151187904967603 2.38917696642794
"367" 1.70426881493728 78.65 0.239740820734341 5.01292225909809
"368" 0.966107069174867 87.9 0.399568034557235 4.78786409006817
"369" 0.626703238828234 92.15 0.0971922246220302 2.64909851426693
"370" 0.595521970515438 92.54 0.468682505399568 5.16912281232658
"371" 0.699390907982732 91.24 0.101511879049676 2.62672533826164
"372" 0.750981737738522 90.59 0.0453563714902808 2.897514204461
"373" 0.64003426318645 91.98 0.414686825053996 4.49270688608369
"374" 0.726526701214314 90.9 0.161987041036717 3.3889370131783
"375" 0.595521970515438 92.54 0.468682505399568 5.16912281232658
"376" 0.718309858456838 91 0.537796976241901 5.39797961467528
"377" 0.595521970515438 92.54 0.468682505399568 5.16912281232658
"378" 2.01223928941383 74.79 0.436285097192225 6.18483470284814
"379" 0.746056326437029 90.65 0.161987041036717 3.03729313779611
"380" 0.423960120180251 94.69 0.416846652267819 4.42619177703959
"381" 0.416301514727994 94.78 0.546436285097192 4.51327944537599
"382" 0.746056326437029 90.65 0.161987041036717 3.03729313779611
"383" 0.413770852559515 94.82 0.0626349892008639 2.01600506714735
"384" 1.70310637640372 78.67 0.265658747300216 4.44736111261435
"385" 3.6864268908421 53.82 0.0907127429805616 5.31887367614333
"386" 0.636871825193012 92.02 0.289416846652268 3.50907546698508
"387" 1.67674072009541 79 0.157667386609071 4.05120887313988
"388" 0.672391141046928 91.58 0.0907127429805616 2.49877532840758
"389" 0.672391141046928 91.58 0.0907127429805616 2.49877532840758
"390" 1.57226554117299 80.3 0.041036717062635 3.6760805289803
"391" 0.637547525436144 92.01 0.0475161987041037 2.74594659558491
"392" 0.672391141046928 91.58 0.0907127429805616 2.49877532840758
"393" 0.595521970515438 92.54 0.468682505399568 5.16912281232658
"394" 4.00782664139843 49.79 0.0259179265658747 4.60469224291681
"395" 1.62405756609194 79.66 0.0475161987041037 3.71375676920226
"396" 1.31008043599982 83.59 0.0928725701943845 3.24173093407353
"397" 0.647660903545994 91.89 0.0755939524838013 2.45724820468391
"398" 0.608780179610715 92.37 0.498920086393089 4.75774817936378
"399" 0.728712439663338 90.87 0.451403887688985 5.13617017748475
"400" 0.526768318705622 93.4 0.367170626349892 4.22658191985771
"401" 0.750981737738522 90.59 0.0453563714902808 2.897514204461
"402" 0.605606430532842 92.41 0.352051835853132 4.60752973710858
"403" 3.6864268908421 53.82 0.0907127429805616 5.31887367614333
"404" 0.748968701639439 90.62 0.0453563714902808 2.89183799901834
"405" 1.62405756609194 79.66 0.0475161987041037 3.71375676920226
"406" 0.419893354069049 94.74 0.0691144708423326 2.08529724375878
"407" 0.64003426318645 91.98 0.414686825053996 4.49270688608369
"408" 0.686570388247517 91.4 0.0885529157667387 2.54944072442296
"409" 0.420833538152921 94.73 0.0496760259179266 2.02087949727862
"410" 0.607803704219848 92.39 0.0712742980561555 2.57033128903289
"411" 1.63914199432702 79.47 0.110151187904968 3.81152331270543
"412" 0.667551040356367 91.64 0.777537796976242 6.4288685728123
"413" 0.435104948919902 94.55 0.676025917926566 5.12436727789792
"414" 0.816428659870829 89.77 0.3585313174946 4.1233849896941
"415" 0.605606430532842 92.41 0.352051835853132 4.60752973710858
"416" 1.41646967625159 82.26 0.250539956803456 4.66682199782931
"417" 0.607803704219848 92.39 0.0712742980561555 2.57033128903289
"418" 1.41646967625159 82.26 0.250539956803456 4.66682199782931
"419" 0.633185764166273 92.07 0.0907127429805616 2.61780137167048
"420" 0.620899977181356 92.22 0.114470842332613 2.70486573201191
"421" 1.01803509488174 87.25 0.42548596112311 4.68465945276095
"422" 0.595521970515438 92.54 0.468682505399568 5.16912281232658
"423" 1.01803509488174 87.25 0.42548596112311 4.68465945276095
"424" 0.636871825193012 92.02 0.289416846652268 3.50907546698508
"425" 1.62893261555708 79.59 0.31317494600432 5.16029782091198
"426" 0.619709608537201 92.24 0.6414686825054 4.99699701408687
"427" 0.746056326437029 90.65 0.161987041036717 3.03729313779611
"428" 0.750981737738522 90.59 0.0453563714902808 2.897514204461
"429" 0.636871825193012 92.02 0.289416846652268 3.50907546698508
"430" 0.647660903545994 91.89 0.0755939524838013 2.45724820468391
"431" 1.27652686866946 84.01 0.267818574514039 4.23685733181677
"432" 0.842105464376209 89.45 0.200863930885529 3.68602245023011
"433" 0.647129521013381 91.89 0.384449244060475 4.14254695478853
"434" 0.884397913615446 88.92 0.0323974082073434 2.85347409642275
"435" 0.620899977181356 92.22 0.114470842332613 2.70486573201191
"436" 2.08997300207723 73.82 0.142548596112311 4.3827277592383
"437" 0.607803704219848 92.39 0.0712742980561555 2.57033128903289
"438" 0.65002668030943 91.86 0.67170626349892 5.74784004442385
"439" 0.636871825193012 92.02 0.289416846652268 3.50907546698508
"440" 0.786609461834347 90.15 0.537796976241901 5.27548488363665
"441" 0.966107069174867 87.9 0.399568034557235 4.78786409006817
"442" 1.01803509488174 87.25 0.42548596112311 4.68465945276095
"443" 0.595521970515438 92.54 0.468682505399568 5.16912281232658
"444" 0.686570388247517 91.4 0.0885529157667387 2.54944072442296
"445" 1.02490103896383 87.16 0.626349892008639 5.19773341612271
"446" 2.01223928941383 74.79 0.436285097192225 6.18483470284814
"447" 0.665459753241104 91.66 0.380129589632829 4.19916274058823
"448" 1.27817767855955 83.99 0.159827213822894 3.86092157069884
"449" 1.55634477556608 80.5 0.0388768898488121 3.03550473781877
"450" 3.6864268908421 53.82 0.0907127429805616 5.31887367614333
"451" 0.645427912648647 91.91 0.473002159827214 4.73493392640807
"452" 3.68629896123797 53.82 0.0907127429805616 5.32564656998695
"453" 1.22873985099755 84.61 0.198704103671706 3.96079212812046
"454" 0.730344721458746 90.85 0.529157667386609 5.1181807382266
"455" 0.511298608250331 93.59 0.0863930885529158 2.56212447040184
"456" 0.607803704219848 92.39 0.0712742980561555 2.57033128903289
"457" 0.748351746334239 90.63 0.177105831533477 3.04362900179918
"458" 0.635904947271225 92.03 0.00863930885529158 2.47935586746288
"459" 0.424624892035579 94.68 0.593952483801296 4.88924295802466
"460" 1.32190561935685 83.44 0.177105831533477 4.08216204969959
"461" 2.10884660896403 73.58 0.123110151187905 4.08182079259395
"462" 1.62405756609194 79.66 0.0475161987041037 3.71375676920226
"463" 0.526768318705622 93.4 0.362850971922246 4.40850767363138
"464" 0.626703238828234 92.15 0.0971922246220302 2.64909851426693
"465" 1.70838252075104 78.6 0.524838012958963 7.13074950989359
"466" 1.41646967625159 82.26 0.250539956803456 4.66682199782931
"467" 0.717291517430465 91.01 0.0755939524838013 2.90177969848495
"468" 0.640605375063627 91.98 0.509719222462203 4.87625702255435
"469" 2.09901261428735 73.71 0.0518358531317495 3.93250320741207
"470" 0.750981737738522 90.59 0.0453563714902808 2.897514204461
"471" 1.01803509488174 87.25 0.42548596112311 4.68465945276095
"472" 0.626939690925038 92.15 0.41036717062635 4.57057112001024
"473" 1.61025502877664 79.83 0.285097192224622 5.01406206196744
"474" 0.701184214490038 91.22 0.125269978401728 2.68723512929055
"475" 3.6864268908421 53.82 0.0907127429805616 5.31887367614333
"476" 0.626703238828234 92.15 0.0971922246220302 2.64909851426693
"477" 0.621899201766139 92.21 0.606911447084233 6.31790079215758
"478" 2.11759603325121 73.47 0.00863930885529158 4.27263317684307
"479" 0.463590338861829 94.19 0.421166306695464 3.98627248001785
"480" 0.966107069174867 87.9 0.399568034557235 4.78786409006817
"481" 0.716984241922822 91.02 0.0259179265658747 2.79275110394352
"482" 0.647129521013381 91.89 0.384449244060475 4.14254695478853
"483" 0.750981737738522 90.59 0.0453563714902808 2.897514204461
"484" 0.720654068466343 90.97 0.576673866090713 5.73620097330109
"485" 1.53160273161124 80.81 0.0431965442764579 3.81401851391342
"486" 0.626703238828234 92.15 0.0971922246220302 2.64909851426693
"487" 0.737720936339378 90.76 0.47732181425486 5.43941147792868
"488" 0.748968701639439 90.62 0.0453563714902808 2.89183799901834
"489" 0.699390907982732 91.24 0.101511879049676 2.62672533826164
"490" 0.595521970515438 92.54 0.468682505399568 5.16912281232658
"491" 0.966107069174867 87.9 0.399568034557235 4.78786409006817
"492" 0.66651227973762 91.65 0.539956803455723 4.85387004935924
"493" 0.746056326437029 90.65 0.161987041036717 3.03729313779611
"494" 0.64003426318645 91.98 0.414686825053996 4.49270688608369
"495" 0.435104948919902 94.55 0.680345572354212 5.14384259714695
"496" 0.647660903545994 91.89 0.0755939524838013 2.45724820468391
"497" 0.607803704219848 92.39 0.0712742980561555 2.57033128903289
"498" 1.68575410292245 78.88 0.0345572354211663 3.54242837993618
"499" 4.20351142405885 47.34 0.47732181425486 6.69225241560854
"500" 2.00840242620167 74.84 0.0777537796976242 4.3716630271847
"501" 0.620899977181356 92.22 0.114470842332613 2.70486573201191
"502" 0.595521970515438 92.54 0.468682505399568 5.16912281232658
"503" 1.70426881493728 78.65 0.239740820734341 5.01292225909809
"504" 1.27652686866946 84.01 0.267818574514039 4.23685733181677
"505" 0.428029082481589 94.64 0.0734341252699784 2.05938561556271
"506" 0.595521970515438 92.54 0.468682505399568 5.16912281232658
"507" 1.63914199432702 79.47 0.110151187904968 3.81152331270543
"508" 1.63914199432702 79.47 0.110151187904968 3.81152331270543
"509" 0.418152991232742 94.76 0.0626349892008639 2.05422944010278
"510" 0.699390907982732 91.24 0.101511879049676 2.62672533826164
"511" 0.595521970515438 92.54 0.468682505399568 5.16912281232658
"512" 0.645041592463129 91.92 0.539956803455723 5.39347568539788
"513" 1.41646967625159 82.26 0.250539956803456 4.66682199782931
"514" 0.769927516653155 90.36 0.535637149028078 6.27591374749166
"515" 0.966107069174867 87.9 0.399568034557235 4.78786409006817
"516" 0.453748254797038 94.32 0.565874730021598 5.05068508366974
"517" 1.68575410292245 78.88 0.0345572354211663 3.54242837993618
"518" 0.74941309609677 90.61 0.116630669546436 2.81546541965927
"519" 1.62405756609194 79.66 0.0475161987041037 3.71375676920226
"520" 0.607803704219848 92.39 0.0712742980561555 2.57033128903289
"521" 0.717291517430465 91.01 0.0755939524838013 2.90177969848495
"522" 4.00782664139843 49.79 0.0259179265658747 4.60469224291681
"523" 0.842105464376209 89.45 0.200863930885529 3.68602245023011
"524" 0.966107069174867 87.9 0.399568034557235 4.78786409006817
"525" 0.607803704219848 92.39 0.0712742980561555 2.57033128903289
"526" 0.626703238828234 92.15 0.0971922246220302 2.64909851426693
"527" 1.57226554117299 80.3 0.041036717062635 3.6760805289803
"528" 0.750981737738522 90.59 0.0453563714902808 2.897514204461
"529" 0.672391141046928 91.58 0.0907127429805616 2.49877532840758
"530" 1.36410807756539 82.91 0.153347732181425 3.60106484415167
"531" 0.566105950436182 92.91 0.47732181425486 4.63747692472924
"532" 0.388381787626583 95.13 0.0561555075593952 2.14721510034553
"533" 2.09901261428735 73.71 0.0518358531317495 3.93250320741207
"534" 0.646812402579699 91.9 0.596112311015119 5.13185195150991
"535" 0.595521970515438 92.54 0.468682505399568 5.16912281232658
"536" 0.735482040770471 90.79 0.239740820734341 3.44432786893218
"537" 0.607803704219848 92.39 0.0712742980561555 2.57033128903289
"538" 1.63914199432702 79.47 0.110151187904968 3.81152331270543
"539" 0.647660903545994 91.89 0.0755939524838013 2.45724820468391
"540" 0.605700114899493 92.41 0.531317494600432 5.9566561432705
"541" 1.02490103896383 87.16 0.626349892008639 5.19773341612271
"542" 0.750981737738522 90.59 0.0453563714902808 2.897514204461
"543" 1.53160273161124 80.81 0.0431965442764579 3.81401851391342
"544" 0.419893354069049 94.74 0.0691144708423326 2.08529724375878
"545" 0.447308307580848 94.4 0.220302375809935 2.45216717254767
"546" 0.884397913615446 88.92 0.0323974082073434 2.85347409642275
"547" 2.01786679457541 74.72 0.52267818574514 6.66646553213415
"548" 1.76917402414899 77.84 0.367170626349892 5.54771035532444
"549" 1.22873985099755 84.61 0.198704103671706 3.96079212812046
"550" 2.01223928941383 74.79 0.436285097192225 6.18483470284814
"551" 1.70426881493728 78.65 0.239740820734341 5.01292225909809
"552" 0.61127487470001 92.34 0.468682505399568 4.3472331320295
"553" 0.463590338861829 94.19 0.421166306695464 3.98627982426531
"554" 1.61025502877664 79.83 0.285097192224622 5.01406206196744
"555" 0.750981737738522 90.59 0.0453563714902808 2.897514204461
"556" 1.31075524109803 83.58 0.107991360691145 3.2886470889245
"557" 1.57226554117299 80.3 0.041036717062635 3.6760805289803
"558" 0.633224888594292 92.07 0.403887688984881 4.49453868480132
"559" 1.55634477556608 80.5 0.0388768898488121 3.03550473781877
"560" 0.61127487470001 92.34 0.468682505399568 4.3472331320295
"561" 0.726213784753707 90.9 0.0302375809935205 2.81843958042459
"562" 2.01223928941383 74.79 0.436285097192225 6.18483470284814
"563" 0.618798259859854 92.25 0.131749460043197 2.69056031135369
"564" 0.473057506347702 94.07 0.170626349892009 2.78450368423548
"565" 2.01786679457541 74.72 0.280777537796976 5.49318167474139
"566" 1.57007278702585 80.33 0.0583153347732181 3.63299211134131
"567" 2.08997300207723 73.82 0.142548596112311 4.3827277592383
"568" 0.647660903545994 91.89 0.0755939524838013 2.45724820468391
"569" 0.409990876588597 94.86 0.0280777537796976 2.01847232659167
"570" 1.68731396810147 78.86 0.0345572354211663 3.54317044407838
"571" 0.595521970515438 92.54 0.468682505399568 5.16912281232658
"572" 0.626703238828234 92.15 0.0971922246220302 2.64909851426693
"573" 0.606908531220514 92.4 0.647948164146868 5.58566624457218
"574" 1.68575410292245 78.88 0.0345572354211663 3.54242837993618
"575" 0.405365169655194 94.92 0.00863930885529158 2.0128441658666
"576" 1.61082951170341 79.82 0.218142548596112 4.86495699443577
"577" 0.750981737738522 90.59 0.0453563714902808 2.897514204461
"578" 0.716984241922822 91.02 0.0259179265658747 2.79275110394352
"579" 1.01803509488174 87.25 0.42548596112311 4.68465945276095
"580" 0.602521517950315 92.45 0.127429805615551 2.74516760987985
"581" 1.61025502877664 79.83 0.285097192224622 5.01406206196744
"582" 0.604783293612207 92.42 0.496760259179266 6.07265844668142
"583" 1.01803509488174 87.25 0.42548596112311 4.68465945276095
"584" 0.435104948919902 94.55 0.676025917926566 5.12436728891365
"585" 0.603715710955609 92.44 0.159827213822894 2.5820786122493
"586" 0.686570388247517 91.4 0.0885529157667387 2.54944072442296
"587" 0.717291517430465 91.01 0.0755939524838013 2.90177969848495
"588" 0.546147352360422 93.16 0.0928725701943845 2.31008747794413
"589" 0.746056326437029 90.65 0.161987041036717 3.03729313779611
"590" 0.681721240819205 91.46 0.0885529157667387 2.55009929474169
"591" 0.607803704219848 92.39 0.0712742980561555 2.57033128903289
"592" 0.607803704219848 92.39 0.0712742980561555 2.57033128903289
"593" 1.62405756609194 79.66 0.0475161987041037 3.71375676920226
"594" 0.717291517430465 91.01 0.0755939524838013 2.90177969848495
"595" 1.61025502877664 79.83 0.285097192224622 5.01406206196744
"596" 2.16058226771298 72.93 0.0993520518358531 4.32367760241456
"597" 2.08997300207723 73.82 0.142548596112311 4.3827277592383
"598" 0.649344565622596 91.87 0.159827213822894 2.8672339248245
"599" 0.607803704219848 92.39 0.0712742980561555 2.57033128903289
"600" 0.595521970515438 92.54 0.468682505399568 5.16912281232658
"601" 0.966107069174867 87.9 0.399568034557235 4.78786409006817
"602" 0.613552221998087 92.31 0.611231101511879 6.15504084645161
"603" 0.448343459997457 94.38 0.462203023758099 4.34982757557573
"604" 1.53160273161124 80.81 0.0431965442764579 3.81401851391342
"605" 0.546147352360422 93.16 0.0928725701943845 2.31008747794413
"606" 0.595521970515438 92.54 0.468682505399568 5.16912281232658
"607" 1.62405756609194 79.66 0.0475161987041037 3.71375676920226
"608" 0.618022950427784 92.26 0.580993520518359 4.56217208327556
"609" 0.607803704219848 92.39 0.0712742980561555 2.57033128903289
"610" 0.630411508130739 92.1 0.611231101511879 5.86104331416314
"611" 0.966107069174867 87.9 0.399568034557235 4.78786409006817
"612" 0.428029082481589 94.64 0.0734341252699784 2.05938561556271
"613" 2.01223928941383 74.79 0.436285097192225 6.18483470284814
"614" 1.53160273161124 80.81 0.0431965442764579 3.81401851391342
"615" 0.602207792262297 92.46 0.587473002159827 6.86329336573027
"616" 1.70426881493728 78.65 0.239740820734341 5.01292225909809
"617" 0.800124497632578 89.98 0.0863930885529158 2.60380573293453
"618" 0.750981737738522 90.59 0.0453563714902808 2.897514204461
"619" 0.759753192268491 90.48 0.520518358531317 5.85285556692988
"620" 1.53160273161124 80.81 0.0431965442764579 3.81401851391342
"621" 1.24696881046852 84.38 0.0691144708423326 3.36618353917524
"622" 0.636871825193012 92.02 0.289416846652268 3.50907546698508
"623" 0.639461472462298 91.99 0.557235421166307 5.5540339586708
"624" 2.11759603325121 73.47 0.00863930885529158 4.27263317684307
"625" 0.626703238828234 92.15 0.0971922246220302 2.64909851426693
"626" 1.61025502877664 79.83 0.285097192224622 5.01406206196744
"627" 2.01223928941383 74.79 0.24622030237581 5.2781304801357
"628" 0.884397913615446 88.92 0.0323974082073434 2.85347409642275
"629" 1.6755149420166 79.01 0.0345572354211663 3.56278413483842
"630" 1.41646967625159 82.26 0.250539956803456 4.66682199782931
"631" 2.03729087608298 74.48 0.151187904967603 4.7263669812612
"632" 1.63914199432702 79.47 0.110151187904968 3.81152331270543
"633" 1.57007278702585 80.33 0.0583153347732181 3.63299211134131
"634" 2.08997300207723 73.82 0.142548596112311 4.3827277592383
"635" 0.646006699914615 91.91 0.449244060475162 4.37500436850292
"636" 0.629886581087689 92.11 0.580993520518359 6.83843913509394
"637" 1.70426881493728 78.65 0.239740820734341 5.01292225909809
"638" 1.62405756609194 79.66 0.0475161987041037 3.71375676920226
"639" 0.423506608033212 94.69 0.0647948164146868 2.03883395130415
"640" 0.640749762313366 91.97 0.591792656587473 5.49793223192143
"641" 0.438723268653603 94.5 0.658747300215983 4.56010368384385
"642" 1.27674866602998 84.01 0.146868250539957 3.80744637995428
"643" 0.636871825193012 92.02 0.289416846652268 3.50907546698508
"644" 0.680371474508421 91.48 0.600431965442765 5.56386029478362
"645" 1.62893261555708 79.59 0.369330453563715 5.74362726296942
"646" 0.595521970515438 92.54 0.468682505399568 5.16912281232658
"647" 1.70310637640372 78.67 0.265658747300216 4.44736111261435
"648" 0.966107069174867 87.9 0.399568034557235 4.78786409006817
"649" 0.607803704219848 92.39 0.0712742980561555 2.57033128903289
"650" 0.647660903545994 91.89 0.0755939524838013 2.45724820468391
"651" 0.463590338861829 94.19 0.421166306695464 3.98627248001944
"652" 0.750981737738522 90.59 0.0453563714902808 2.897514204461
"653" 0.639854843258852 91.98 0.0950323974082073 2.67923631798928
"654" 0.750981737738522 90.59 0.0453563714902808 2.897514204461
"655" 0.750981737738522 90.59 0.0453563714902808 2.897514204461
"656" 0.733420569491118 90.81 0.436285097192225 4.78687945623627
"657" 0.966107069174867 87.9 0.399568034557235 4.78786409006817
"658" 1.61082951170341 79.82 0.291576673866091 5.5087972665249
"659" 0.647660903545994 91.89 0.0755939524838013 2.45724820468391
"660" 0.723855497237248 90.93 0.19438444924406 3.51118573784304
"661" 1.7291911728223 78.34 0.475161987041037 6.72196784733451
"662" 1.53160273161124 80.81 0.0431965442764579 3.81401851391342
"663" 2.01223928941383 74.79 0.24622030237581 5.2781304801357
"664" 0.607803704219848 92.39 0.0712742980561555 2.57033128903289
"665" 0.641233495678861 91.97 0.00863930885529158 2.45602082638041
"666" 0.718093398181743 91 0.470842332613391 4.96928204277595
"667" 0.517782202558404 93.51 0.0583153347732181 2.34931882496693
"668" 0.66427741015091 91.68 0.572354211663067 5.31969274055326
"669" 2.01346368769688 74.78 0 4.18890128341071
"670" 0.443756388586091 94.44 0.377969762419006 3.2726697632635
"671" 0.526768318705622 93.4 0.362850971922246 4.40850767363138
"672" 2.03729087608298 74.48 0.151187904967603 4.7263669812612
"673" 0.607803704219848 92.39 0.0712742980561555 2.57033128903289
"674" 0.750981737738522 90.59 0.0453563714902808 2.897514204461
"675" 0.595521970515438 92.54 0.468682505399568 5.16912281232658
"676" 1.42444979794716 82.16 0.278617710583153 4.66812271015574
"677" 0.395370564190786 95.05 0.576673866090713 4.92813524173682
"678" 0.750981737738522 90.59 0.0453563714902808 2.897514204461
"679" 0.750981737738522 90.59 0.0453563714902808 2.897514204461
"680" 0.595521970515438 92.54 0.468682505399568 5.16912281232658
"681" 1.61025502877664 79.83 0.285097192224622 5.01406206196744
"682" 0.647660903545994 91.89 0.0755939524838013 2.45724820468391
"683" 1.62893261555708 79.59 0.377969762419006 6.00527390625174
"684" 1.23675587496021 84.51 0.287257019438445 5.62081966877208
"685" 0.636871825193012 92.02 0.289416846652268 3.50907546698508
"686" 1.61025502877664 79.83 0.285097192224622 5.01406206196744
"687" 0.731348261014481 90.84 0.485961123110151 5.21957808561121
"688" 0.716984241922822 91.02 0.0259179265658747 2.79275110394352
"689" 0.607803704219848 92.39 0.0712742980561555 2.57033128903289
"690" 0.647056776112952 91.89 0.611231101511879 6.54015037158034
"691" 0.750981737738522 90.59 0.0453563714902808 2.897514204461
"692" 1.70426881493728 78.65 0.239740820734341 5.01292225909809
"693" 0.595521970515438 92.54 0.468682505399568 5.16912281232658
"694" 0.863655805611359 89.18 0.0388768898488121 3.06686576830115
"695" 1.61082951170341 79.82 0.218142548596112 4.86495699443577
"696" 2.11759603325121 73.47 0.00863930885529158 4.27263317684307
"697" 0.528228344537222 93.38 0.565874730021598 4.35732431987032
"698" 0.595521970515438 92.54 0.468682505399568 5.16912281232658
"699" 0.733420569491118 90.81 0.436285097192225 4.78687945623627
"700" 2.00840242620167 74.84 0.0777537796976242 4.3716630271847
"701" 1.27618409640021 84.01 0.0561555075593952 3.30959111231641
"702" 0.613445413286961 92.32 0.706263498920086 8.08997050104729
"703" 0.750981737738522 90.59 0.0453563714902808 2.897514204461
"704" 0.387661937469081 95.14 0.0691144708423326 2.16064480891243
"705" 2.00840242620167 74.84 0.0777537796976242 4.3716630271847
"706" 2.01223928941383 74.79 0.436285097192225 6.18483470284814
"707" 0.746056326437029 90.65 0.161987041036717 3.03729313779611
"708" 0.626939690925038 92.15 0.41036717062635 4.57057112001024
"709" 0.647660903545994 91.89 0.0755939524838013 2.45724820468391
"710" 0.74604582143462 90.65 0.442764578833693 4.92548167211898
"711" 0.618798259859854 92.25 0.131749460043197 2.69056031135369
"712" 1.63914199432702 79.47 0.110151187904968 3.81152331270543
"713" 1.27618409640021 84.01 0.0561555075593952 3.30959111231641
"714" 1.53160273161124 80.81 0.0431965442764579 3.81401851391342
"715" 0.746056326437029 90.65 0.161987041036717 3.03729313779611
"716" 0.672391141046928 91.58 0.0907127429805616 2.49877532840758
"717" 0.647660903545994 91.89 0.0755939524838013 2.45724820468391
"718" 0.607803704219848 92.39 0.0712742980561555 2.57033128903289
"719" 1.61136325550415 79.81 0.209503239740821 4.5296126644061
"720" 0.595521970515438 92.54 0.468682505399568 5.16912281232658
"721" 0.650042171359538 91.86 0.516198704103672 4.9893546575071
"722" 2.11759603325121 73.47 0.00863930885529158 4.27263317684307
"723" 0.590183234006292 92.61 0.539956803455723 5.47497113532387
"724" 0.966107069174867 87.9 0.399568034557235 4.78786409006817
"725" 3.6864268908421 53.82 0.0907127429805616 5.31887367614333
"726" 0.647660903545994 91.89 0.0755939524838013 2.45724820468391
"727" 0.717291517430465 91.01 0.0755939524838013 2.90177969848495
"728" 0.884397913615446 88.92 0.0323974082073434 2.85347409642275
"729" 0.615117744545052 92.29 0.598272138228942 6.61228014909908
"730" 2.0797902699794 73.95 0.0475161987041037 3.95169962991118
"731" 1.57007278702585 80.33 0.0583153347732181 3.63299211134131
"732" 0.61127487470001 92.34 0.468682505399568 4.3472331320295
"733" 1.02490103896383 87.16 0.626349892008639 5.19773341612271
"734" 2.00840242620167 74.84 0.0777537796976242 4.3716630271847
"735" 2.11759603325121 73.47 0.00863930885529158 4.27263317684307
"736" 0.524958601524689 93.42 0.107991360691145 2.65626100541173
"737" 0.428029082481589 94.64 0.0734341252699784 2.05938561556271
"738" 1.36410807756539 82.91 0.153347732181425 3.60106484415167
"739" 0.421596163029966 94.72 0.444924406047516 4.4278489011281
"740" 2.09901261428735 73.71 0.0518358531317495 3.93250320741207
"741" 0.734292646036093 90.8 0.535637149028078 5.06483648673318
"742" 0.607803704219848 92.39 0.0712742980561555 2.57033128903289
"743" 0.637547525436144 92.01 0.0475161987041037 2.74594659558491
"744" 0.388381787626583 95.13 0.0561555075593952 2.14721510034553
"745" 2.10884660896403 73.58 0.123110151187905 4.08182079259395
"746" 1.6755149420166 79.01 0.0345572354211663 3.56278413483842
"747" 0.435104948919902 94.55 0.676025917926566 5.12436733066974
"748" 1.60529282900521 79.89 0.207343412526998 4.32707759984475
"749" 0.672391141046928 91.58 0.0907127429805616 2.49877532840758
"750" 0.710430624630438 91.1 0.0367170626349892 2.50429431714689
"751" 0.731906195799211 90.83 0.468682505399568 4.57043507545883
"752" 1.62405756609194 79.66 0.0475161987041037 3.71375676920226
"753" 1.01803509488174 87.25 0.42548596112311 4.68465945276095
"754" 0.595521970515438 92.54 0.468682505399568 5.16912281232658
"755" 1.57007278702585 80.33 0.0583153347732181 3.63299211134131
"756" 3.68629896123797 53.82 0.0907127429805616 5.32564656998695
"757" 0.716984241922822 91.02 0.0259179265658747 2.79275110394352
"758" 2.00840242620167 74.84 0.0777537796976242 4.3716630271847
"759" 0.800124497632578 89.98 0.0863930885529158 2.60380573293453
"760" 0.842105464376209 89.45 0.200863930885529 3.68602245023011
"761" 0.71749493148073 91.01 0.678185745140389 7.7701181609233
"762" 0.430472864481898 94.61 0.362850971922246 3.44855721775433
"763" 0.618798259859854 92.25 0.131749460043197 2.69056031135369
"764" 1.27652686866946 84.01 0.267818574514039 4.23685733181677
"765" 1.6755149420166 79.01 0.0345572354211663 3.56278413483842
"766" 0.511298608250331 93.59 0.0863930885529158 2.56212447040184
"767" 1.31008043599982 83.59 0.0928725701943845 3.24173093407353
"768" 0.618798259859854 92.25 0.131749460043197 2.69056031135369
"769" 1.53160273161124 80.81 0.0431965442764579 3.81401851391342
"770" 0.447308307580848 94.4 0.185745140388769 2.31422387440155
"771" 1.70426881493728 78.65 0.239740820734341 5.01292225909809
"772" 1.53160273161124 80.81 0.0431965442764579 3.81401851391342
"773" 1.60529282900521 79.89 0.207343412526998 4.32707759984475
"774" 1.53160273161124 80.81 0.0431965442764579 3.81401851391342
"775" 0.657478820683622 91.76 0.611231101511879 5.3017900518767
"776" 0.750981737738522 90.59 0.0453563714902808 2.897514204461
"777" 1.27817767855955 83.99 0.159827213822894 3.86092157069884
"778" 0.717291517430465 91.01 0.0755939524838013 2.90177969848495
"779" 0.717291517430465 91.01 0.0755939524838013 2.90177969848495
"780" 0.647660903545994 91.89 0.0755939524838013 2.45724820468391
"781" 0.595521970515438 92.54 0.468682505399568 5.16912281232658
"782" 0.388381787626583 95.13 0.0561555075593952 2.14721510034553
"783" 1.53160273161124 80.81 0.0431965442764579 3.81401851391342
"784" 0.611270185042826 92.34 0.0691144708423326 2.4990617806182
"785" 1.53160273161124 80.81 0.0431965442764579 3.81401851391342
"786" 0.750981737738522 90.59 0.0453563714902808 2.897514204461
"787" 0.688515075668346 91.37 0.52267818574514 4.51112836061109
"788" 0.966107069174867 87.9 0.399568034557235 4.78786409006817
"789" 0.966107069174867 87.9 0.399568034557235 4.78786409006817
"790" 0.626703238828234 92.15 0.0971922246220302 2.64909851426693
"791" 1.7291911728223 78.34 0.475161987041037 6.72196784733451
"792" 0.653199257578443 91.82 0.215982721382289 3.22695334634012
"793" 0.626703238828234 92.15 0.0971922246220302 2.64909851426693
"794" 0.607803704219848 92.39 0.0712742980561555 2.57033128903289
"795" 0.667230689235674 91.64 0.172786177105832 2.97926677359227
"796" 0.524958601524689 93.42 0.107991360691145 2.65626100541173
"797" 2.10884660896403 73.58 0.123110151187905 4.08182079259395
"798" 0.717792046527444 91.01 0.548596112311015 5.66386664796055
"799" 0.651591102751547 91.84 0.58963282937365 5.34084372941269
"800" 0.607803704219848 92.39 0.0712742980561555 2.57033128903289
"801" 1.67517308905233 79.02 0.0431965442764579 3.54070076835667
"802" 0.750981737738522 90.59 0.0453563714902808 2.897514204461
"803" 1.53160273161124 80.81 0.0431965442764579 3.81401851391342
"804" 0.525200511019085 93.42 0.552915766738661 5.97304337905009
"805" 1.62405756609194 79.66 0.0475161987041037 3.71375676920226
"806" 0.401906267845925 94.97 0.0647948164146868 2.07882433352371
"807" 0.640401227169855 91.98 0.419006479481641 4.35873923185139
"808" 2.01350476803422 74.78 0 4.17461125624096
"809" 0.732009530513692 90.83 0.652267818574514 6.37800213465073
"810" 1.67674072009541 79 0.157667386609071 4.05120887313988
"811" 0.471383446414515 94.09 0.563714902807775 4.82663918600928
"812" 0.69817885085597 91.25 0.606911447084233 4.90526870632563
"813" 1.61136325550415 79.81 0.209503239740821 4.5296126644061
"814" 0.595521970515438 92.54 0.468682505399568 5.16912281232658
"815" 0.428029082481589 94.64 0.0734341252699784 2.05938561556271
"816" 0.750981737738522 90.59 0.0453563714902808 2.897514204461
"817" 2.08997300207723 73.82 0.142548596112311 4.3827277592383
"818" 0.884397913615446 88.92 0.0323974082073434 2.85347409642275
"819" 0.626703238828234 92.15 0.0971922246220302 2.64909851426693
"820" 0.723855497237248 90.93 0.19438444924406 3.51118573784304
"821" 0.626703238828234 92.15 0.0971922246220302 2.64909851426693
"822" 2.0132910787275 74.78 0.11231101511879 4.48840015685628
"823" 3.68629896123797 53.82 0.0907127429805616 5.32564656998695
"824" 0.78222976342799 90.2 0.490280777537797 5.96287649226308
"825" 0.633224888594292 92.07 0.403887688984881 4.49453868480132
"826" 1.53160273161124 80.81 0.0431965442764579 3.81401851391342
"827" 2.29095480064282 71.3 0.0626349892008639 4.08945565905379
"828" 0.842105464376209 89.45 0.200863930885529 3.68602245023011
"829" 0.593592692194937 92.56 0.624190064794816 5.761505560605
"830" 1.36410807756539 82.91 0.153347732181425 3.60106484415167
"831" 0.672391141046928 91.58 0.0907127429805616 2.49877532840758
"832" 0.626954127962059 92.15 0.639308855291577 4.82249612343001
"833" 0.748351746334239 90.63 0.177105831533477 3.04362900179918
"834" 0.723855497237248 90.93 0.19438444924406 3.51118573784304
"835" 0.618798259859854 92.25 0.131749460043197 2.69056031135369
"836" 0.595521970515438 92.54 0.468682505399568 5.16912281232658
"837" 0.647660903545994 91.89 0.0755939524838013 2.45724820468391
"838" 0.725379386816865 90.91 0.0539956803455724 2.94032556960664
"839" 2.10884660896403 73.58 0.123110151187905 4.08182079259395
"840" 2.01786679457541 74.72 0.68682505399568 8.67477337485978
"841" 0.649344565622596 91.87 0.159827213822894 2.8672339248245
"842" 0.635904947271225 92.03 0.00863930885529158 2.47935586746288
"843" 0.760265472806414 90.48 0.555075593952484 6.03097667360061
"844" 0.670496864207841 91.6 0.0799136069114471 2.50646494587272
"845" 2.17538989110685 72.75 0.0539956803455724 4.158045440999
"846" 1.60529282900521 79.89 0.207343412526998 4.32707759984475
"847" 2.01223928941383 74.79 0.436285097192225 6.18483470284814
"848" 2.11759603325121 73.47 0.00863930885529158 4.27263317684307
"849" 2.1061828179203 73.62 0.302375809935205 5.01791328541376
"850" 1.56972346840504 80.34 0.0928725701943845 3.91665403315031
"851" 1.62405756609194 79.66 0.0475161987041037 3.71375676920226
"852" 0.73243897679556 90.82 0.535637149028078 5.46403197111809
"853" 0.418152991232742 94.76 0.0626349892008639 2.05422944010278
"854" 0.509952485586469 93.61 0.218142548596112 2.8547374942501
"855" 0.595521970515438 92.54 0.468682505399568 5.16912281232658
"856" 0.842105464376209 89.45 0.200863930885529 3.68602245023011
"857" 2.00840242620167 74.84 0.0777537796976242 4.3716630271847
"858" 1.60529282900521 79.89 0.207343412526998 4.32707759984475
"859" 2.11759603325121 73.47 0.00863930885529158 4.27263317684307
"860" 0.388381787626583 95.13 0.0561555075593952 2.14721510034553
"861" 0.620899977181356 92.22 0.114470842332613 2.70486573201191
"862" 4.00020759253082 49.89 0.427645788336933 6.59848865886971
"863" 0.752538557283003 90.57 0.561555075593952 5.60340751544214
"864" 0.418152991232742 94.76 0.0626349892008639 2.05422944010278
"865" 0.635904947271225 92.03 0.00863930885529158 2.47935586746288
"866" 0.648913728982594 91.87 0.593952483801296 5.43626626173799
"867" 0.681291346427295 91.47 0.449244060475162 4.90681339810454
"868" 1.34057780647747 83.21 0.252699784017279 4.98379737910323
"869" 0.611811370619714 92.34 0.0777537796976242 2.61572946996952
"870" 0.419893354069049 94.74 0.0691144708423326 2.08529724375878
"871" 0.590167496837416 92.61 0.52267818574514 4.7951957173832
"872" 0.750981737738522 90.59 0.0453563714902808 2.897514204461
"873" 2.0132910787275 74.78 0.11231101511879 4.48840015685628
"874" 0.577940644630724 92.76 0.151187904967603 2.38917696642794
"875" 0.607803704219848 92.39 0.0712742980561555 2.57033128903289
"876" 0.538028625634786 93.26 0.47732181425486 4.31681338150852
"877" 1.57007278702585 80.33 0.0583153347732181 3.63299211134131
"878" 0.636871825193012 92.02 0.289416846652268 3.50907546698508
"879" 0.816428659870829 89.77 0.3585313174946 4.1233849896941
"880" 0.636871825193012 92.02 0.289416846652268 3.50907546698508
"881" 0.842105464376209 89.45 0.200863930885529 3.68602245023011
"882" 0.624720032500847 92.17 0.632829373650108 6.33188878293207
"883" 0.557516482936196 93.02 0.65658747300216 4.50242697487089
"884" 0.726553059171618 90.9 0.0302375809935205 2.8162788410262
"885" 0.595521970515438 92.54 0.468682505399568 5.16912281232658
"886" 0.735482040770471 90.79 0.239740820734341 3.44432786893218
"887" 0.813831234579268 89.81 0.520518358531317 4.81907655853155
"888" 0.667230689235674 91.64 0.172786177105832 2.97926677359227
"889" 0.575521081949017 92.79 0.680345572354212 6.36423865372202
"890" 0.701375053412736 91.21 0.617710583153348 5.60651396392462
"891" 1.62405756609194 79.66 0.0475161987041037 3.71375676920226
"892" 0.419893354069049 94.74 0.0691144708423326 2.08529724375878
"893" 1.61025502877664 79.83 0.239740820734341 4.99625033604525
"894" 1.57007278702585 80.33 0.0583153347732181 3.63299211134131
"895" 1.53160273161124 80.81 0.0431965442764579 3.81401851391342
"896" 1.22873985099755 84.61 0.198704103671706 3.96079212812046
"897" 1.57007278702585 80.33 0.0583153347732181 3.63299211134131
"898" 0.626703238828234 92.15 0.0971922246220302 2.64909851426693
"899" 0.723855497237248 90.93 0.19438444924406 3.51118573784304
"900" 3.68629896123797 53.82 0.0907127429805616 5.32564656998695
"901" 0.413422404947388 94.82 0.0280777537796976 2.08386611920284
"902" 0.517782202558404 93.51 0.0583153347732181 2.34931882496693
"903" 0.511298608250331 93.59 0.0863930885529158 2.56212447040184
"904" 2.04862027274324 74.34 0.265658747300216 5.21100633294684
"905" 0.546147352360422 93.16 0.0928725701943845 2.31008747794413
"906" 0.607803704219848 92.39 0.0712742980561555 2.57033128903289
"907" 2.08297944038426 73.91 0.304535637149028 5.03442566657482
"908" 4.00122464982504 49.88 0.0237580993520518 4.57558107486122
"909" 0.748968701639439 90.62 0.0453563714902808 2.89183799901834
"910" 1.67674072009541 79 0.157667386609071 4.05120887313988
"911" 0.388381787626583 95.13 0.0561555075593952 2.14721510034553
"912" 1.53160273161124 80.81 0.0431965442764579 3.81401851391342
"913" 2.01786679457541 74.72 0.470842332613391 6.30321010348106
"914" 0.717291517430465 91.01 0.0755939524838013 2.90177969848495
"915" 0.401906267845925 94.97 0.0647948164146868 2.07882433352371
"916" 0.632747973581819 92.07 0.468682505399568 4.3304106173765
"917" 0.639854843258852 91.98 0.0950323974082073 2.67923631798928
"918" 1.53053605856359 80.83 0.0496760259179266 3.85161155943325
"919" 0.725933937078164 90.91 0.0647948164146868 2.98524902233043
"920" 0.732142597088834 90.83 0.578833693304536 6.17146670568674
"921" 0.726553059171618 90.9 0.0302375809935205 2.8162788410262
"922" 0.836925403957193 89.52 0.438444924406048 4.64572255313976
"923" 0.638883908922788 92 0.421166306695464 4.61477842123376
"924" 1.61025502877664 79.83 0.285097192224622 5.01406206196744
"925" 0.725379386816865 90.91 0.0539956803455724 2.94032556960664
"926" 0.641994249882164 91.96 0.580993520518359 5.37632324679836
"927" 0.546147352360422 93.16 0.0928725701943845 2.31008747794413
"928" 0.750981737738522 90.59 0.0453563714902808 2.897514204461
"929" 0.414172606093396 94.81 0.308855291576674 3.32231547509482
"930" 1.70310637640372 78.67 0.265658747300216 4.44736111261435
"931" 0.725379386816865 90.91 0.0539956803455724 2.94032556960664
"932" 0.717291517430465 91.01 0.0755939524838013 2.90177969848495
"933" 0.775021561593631 90.29 0.58963282937365 6.9610212792598
"934" 0.733420569491118 90.81 0.436285097192225 4.78687945623627
"935" 2.01346368769688 74.78 0 4.18890128341071
"936" 0.599794239907494 92.49 0.548596112311015 6.17451867647785
"937" 2.01346368769688 74.78 0 4.18890128341071
"938" 0.726151849698103 90.9 0.0259179265658747 2.78268255784642
"939" 1.67674072009541 79 0.157667386609071 4.05120887313988
"940" 0.583702414196021 92.69 0.0669546436285097 2.32969133131948
"941" 0.723855497237248 90.93 0.19438444924406 3.51118573784304
"942" 0.672391141046928 91.58 0.0907127429805616 2.49877532840758
"943" 1.62405756609194 79.66 0.0475161987041037 3.71375676920226
"944" 0.717291517430465 91.01 0.0755939524838013 2.90177969848495
"945" 1.56972346840504 80.34 0.0928725701943845 3.91665403315031
"946" 0.65623970721684 91.78 0.561555075593952 6.02369258149886
"947" 0.388381787626583 95.13 0.0561555075593952 2.14721510034553
"948" 0.390827703503915 95.1 0.0777537796976242 2.18009329362726
"949" 0.668914117709414 91.62 0.503239740820734 4.66267755000762
"950" 1.27817767855955 83.99 0.159827213822894 3.86092157069884
"951" 1.53053605856359 80.83 0.0496760259179266 3.85161155943325
"952" 0.748905211140962 90.62 0.0453563714902808 2.89075469424268
"953" 0.748968701639439 90.62 0.0453563714902808 2.89183799901834
"954" 2.11759603325121 73.47 0.00863930885529158 4.27263317684307
"955" 0.637547525436144 92.01 0.0475161987041037 2.74594659558491
"956" 0.752070616390315 90.58 0.524838012958963 5.03543844384622
"957" 3.68629896123797 53.82 0.0907127429805616 5.32564656998695
"958" 0.734541709217858 90.8 0.483801295896328 5.22544531723084
"959" 0.388381787626583 95.13 0.0561555075593952 2.14721510034553
"960" 0.611270185042826 92.34 0.0691144708423326 2.4990617806182
"961" 0.595521970515438 92.54 0.468682505399568 5.16912281232658
"962" 1.67674072009541 79 0.157667386609071 4.05120887313988
"963" 1.61025502877664 79.83 0.285097192224622 5.01406206196744
"964" 0.620899977181356 92.22 0.114470842332613 2.70486573201191
"965" 0.661420486250918 91.71 0.546436285097192 5.09143954310815
"966" 0.748968701639439 90.62 0.0453563714902808 2.89183799901834
"967" 4.20383012379625 47.34 0.475161987041037 6.67683304132948
"968" 1.56972346840504 80.34 0.0928725701943845 3.91665403315031
"969" 0.650459255887326 91.85 0.600431965442765 5.75033830712534
"970" 0.779843167199237 90.23 0.542116630669546 6.17528466267537
"971" 0.391139460388887 95.1 0.403887688984881 3.77258365751528
"972" 0.618798259859854 92.25 0.131749460043197 2.69056031135369
"973" 0.712684138536073 91.07 0.643628509719222 5.83464394549808
"974" 0.607167601015745 92.39 0.663066954643629 6.00959208542833
"975" 0.658133768918835 91.76 0.473002159827214 4.72830603413791
"976" 0.620899977181356 92.22 0.114470842332613 2.70486573201191
"977" 1.32190561935685 83.44 0.177105831533477 4.08216204969959
"978" 2.03729087608298 74.48 0.151187904967603 4.7263669812612
"979" 0.652961063479131 91.82 0.578833693304536 5.14474949647555
"980" 0.842105464376209 89.45 0.200863930885529 3.68602245023011
"981" 1.53160273161124 80.81 0.0431965442764579 3.81401851391342
"982" 0.755830771024355 90.53 0.65658747300216 7.87111755353667
"983" 1.61136325550415 79.81 0.209503239740821 4.5296126644061
"984" 2.11759603325121 73.47 0.00863930885529158 4.27263317684307
"985" 1.61082951170341 79.82 0.218142548596112 4.86495699443577
"986" 0.671033442372695 91.59 0.65658747300216 5.64374556640658
"987" 1.34057780647747 83.21 0.24622030237581 4.88089827505647
"988" 1.27817767855955 83.99 0.159827213822894 3.86092157069884
"989" 0.631273713242401 92.09 0.436285097192225 4.36486504867673
"990" 0.618798259859854 92.25 0.131749460043197 2.69056031135369
"991" 0.651197461421929 91.84 0.563714902807775 5.13959705125098
"992" 0.662119931436386 91.71 0.585313174946004 5.53650552430613
"993" 1.74987861926367 78.08 0.138228941684665 4.12069358055414
"994" 0.623220180190786 92.19 0.220302375809935 3.16658820976927
"995" 0.616468167596354 92.28 0.555075593952484 6.09307958997997
"996" 0.726185249079633 90.9 0.485961123110151 5.07664894748849
"997" 1.33349737522092 83.3 0.239740820734341 5.03393667896904
"998" 0.640968282672891 91.97 0.570194384449244 5.82013969680913
"999" 0.716207393612916 91.03 0.468682505399568 5.07125097945647
"1000" 0.755830771024355 90.53 0.613390928725702 7.41477710692809
